-0.7396  	0.18621  	0.13053  	-0.0668  	-0.2667  	-0.2086  	1.17332  	0.31722  	0.37940  	1.42703  	0.89092  	1.17608  	0.04120  	-0.2508  	0.17044  	-0.0151  	0.41966  	1.03060  	0.15138  	-0.1134  	-0.4344  	0.07915  	0.67686  	-0.4167  	0.01339  	0.14302  	0.38902  	-0.5027  	-0.1611  	-0.0519  	0.09894  	-0.0661  	-0.4080  	0.09613  	0.08451  	0.22708  	-0.0697  	0.07475  	-0.0162  	0.04447  	0.17929  	0.00656  	0.06524  	0.23556  	0.03225  	0.02378  	-0.0804  	0.21332  	0.08800  	-0.0090  	0.01600  	0.02149  	-0.0606  	0.00239  	0.00015  	0.02727  	-0.0099  	0.04286  	0.00322  	-0.0109  	0.00534  	0.01720  	0.04454  	0.00846  	0.21899  	0.17035  	-0.1203  	0.00453  	0.00751  	1.29566  	1.27433  	123.652  	115.631  	
-0.7044  	0.18451  	0.10265  	0.05397  	-0.2120  	-0.1515  	1.17299  	0.34951  	0.37623  	1.40785  	0.86224  	1.22731  	0.05011  	-0.2534  	0.35741  	-0.0736  	0.45121  	1.00849  	0.19181  	-0.1672  	-0.3859  	0.14925  	0.69013  	-0.3693  	0.05215  	0.12415  	0.47371  	-0.5517  	-0.1882  	-0.0445  	0.10716  	-0.0460  	-0.3998  	0.09682  	0.12277  	0.20713  	-0.0312  	0.07313  	-0.0485  	0.03174  	0.13842  	0.02367  	0.04456  	0.23210  	0.02015  	0.03485  	-0.0788  	0.21500  	0.10314  	-0.0220  	0.01248  	0.02064  	-0.0631  	0.00495  	-0.0030  	0.03736  	-0.0063  	0.03637  	0.02138  	-0.0178  	-0.0005  	0.02069  	0.01756  	-0.0037  	0.21899  	0.17035  	-0.1203  	0.00453  	0.00751  	1.29566  	1.27433  	123.652  	115.631  	
-0.7020  	0.17707  	0.07538  	0.07489  	-0.2127  	-0.1020  	1.15442  	0.32300  	0.37428  	1.38309  	0.78379  	1.21126  	0.06713  	-0.2842  	0.43203  	-0.0467  	0.46778  	1.01314  	0.21672  	-0.1446  	-0.4355  	0.14550  	0.69434  	-0.4263  	0.10504  	0.13044  	0.45977  	-0.4984  	-0.1282  	-0.0031  	0.09753  	-0.0524  	-0.3865  	0.11401  	0.11699  	0.18540  	-0.0438  	0.08829  	-0.0483  	0.02526  	0.12126  	0.00946  	0.03746  	0.23915  	0.02269  	0.03511  	-0.0739  	0.22101  	0.10082  	-0.0313  	0.01744  	0.01411  	-0.0714  	0.00503  	-0.0016  	0.04070  	-0.0098  	0.03193  	0.01599  	-0.0187  	0.00324  	0.01340  	0.02153  	-0.0073  	0.21899  	0.17035  	-0.1203  	0.00453  	0.00751  	1.29566  	1.27433  	123.652  	115.631  	
-0.6503  	0.20076  	0.14928  	-0.0894  	-0.2996  	-0.0628  	1.15330  	0.25611  	0.40172  	1.41586  	0.78378  	1.17323  	-0.0047  	-0.4153  	0.32271  	-0.0367  	0.50860  	1.04063  	0.24543  	-0.1671  	-0.4185  	0.10631  	0.75490  	-0.4150  	0.11336  	0.15329  	0.46181  	-0.5317  	-0.1446  	-0.0383  	0.09083  	-0.0352  	-0.3923  	0.10367  	0.02919  	0.19892  	-0.0270  	0.10269  	-0.0397  	0.04004  	0.14160  	0.00254  	0.05317  	0.25232  	0.03436  	0.03613  	-0.0785  	0.23519  	0.08701  	-0.0145  	0.00165  	0.00956  	-0.0683  	0.01040  	-0.0007  	0.03245  	-0.0154  	0.03447  	0.00764  	-0.0129  	-0.0031  	0.00391  	0.02865  	-0.0015  	0.21899  	0.17035  	-0.1203  	0.00453  	0.00751  	1.29566  	1.27433  	123.652  	115.631  	
-0.7535  	0.17202  	0.20444  	-0.3563  	-0.4389  	-0.1677  	1.17935  	0.26221  	0.39681  	1.49225  	0.90193  	1.06338  	-0.0933  	-0.6165  	0.10030  	-0.0517  	0.49775  	1.08738  	0.23378  	-0.1724  	-0.4321  	0.06148  	0.81550  	-0.4129  	0.03337  	0.15606  	0.40255  	-0.5893  	-0.1660  	-0.1054  	0.11026  	-0.0382  	-0.4178  	0.10412  	-0.0080  	0.22878  	-0.0440  	0.12437  	-0.0533  	0.04399  	0.22922  	-0.0441  	0.09403  	0.25847  	0.02263  	0.03447  	-0.0726  	0.21453  	0.09865  	-0.0113  	0.02444  	0.01266  	-0.0624  	0.00395  	0.00646  	0.02106  	-0.0167  	0.04319  	0.00691  	-0.0094  	-0.0095  	0.01002  	0.05052  	0.00183  	0.21899  	0.17035  	-0.1203  	0.00453  	0.00751  	1.29566  	1.27433  	123.652  	115.631  	
-1.0012  	0.09318  	0.12358  	-0.7564  	-0.6159  	-0.4085  	1.20123  	0.16462  	0.34973  	1.60303  	1.13346  	0.97598  	-0.1390  	-0.6794  	-0.2154  	-0.1155  	0.46584  	1.11144  	0.22197  	-0.1213  	-0.4444  	0.02333  	0.80479  	-0.4034  	0.05669  	0.13195  	0.40993  	-0.6297  	-0.2104  	-0.1285  	0.17443  	-0.0604  	-0.4169  	0.09382  	-0.0392  	0.32659  	-0.0111  	0.09470  	-0.0478  	0.03283  	0.22341  	-0.0199  	0.06877  	0.25708  	0.02559  	0.02605  	-0.0782  	0.19549  	0.08943  	-0.0092  	0.02158  	0.00701  	-0.0645  	0.00186  	0.00679  	0.02719  	-0.0113  	0.04396  	0.00441  	-0.0133  	0.00062  	0.01644  	0.05715  	0.00948  	0.21899  	0.17035  	-0.1203  	0.00453  	0.00751  	1.29566  	1.27433  	123.652  	115.631  	
-1.2162  	0.03039  	0.01580  	-0.7922  	-0.5898  	-0.4851  	1.13272  	0.19411  	0.35134  	1.58148  	1.32453  	1.03095  	-0.1282  	-0.6799  	-0.2073  	-0.1757  	0.54203  	1.00198  	0.22022  	-0.1908  	-0.3057  	0.03165  	0.92490  	-0.3455  	-0.0614  	0.18185  	0.45864  	-0.6962  	-0.3067  	-0.1457  	0.15578  	-0.0554  	-0.4027  	0.08112  	0.00055  	0.26428  	0.02833  	0.10665  	-0.0897  	-0.0064  	0.20230  	0.01886  	0.03349  	0.21546  	0.03427  	0.03419  	-0.0761  	0.19086  	0.09138  	-0.0108  	0.02148  	0.01414  	-0.0682  	0.00832  	-0.0044  	0.02826  	-0.0204  	0.04536  	0.01237  	-0.0074  	-0.0002  	0.02650  	0.02566  	-0.0018  	0.21899  	0.17035  	-0.1203  	0.00453  	0.00751  	1.29566  	1.27433  	123.652  	115.631  	
-1.4165  	-0.0222  	-0.0068  	-1.0622  	-0.7194  	-0.5879  	1.11448  	0.22117  	0.36640  	1.62002  	1.51295  	0.95171  	-0.1968  	-0.8120  	-0.3211  	-0.2649  	0.51793  	0.96692  	0.22320  	-0.2024  	-0.2335  	0.03349  	1.02848  	-0.3469  	-0.1913  	0.18171  	0.42288  	-0.7649  	-0.3882  	-0.2071  	0.16994  	-0.0711  	-0.4018  	0.08102  	0.04194  	0.17299  	0.10007  	0.13449  	-0.1160  	-0.0528  	0.19664  	0.01231  	0.01949  	0.21038  	0.04002  	0.03180  	-0.0821  	0.18778  	0.07537  	-0.0103  	0.00452  	0.02059  	-0.0685  	0.00407  	-0.0101  	0.02301  	-0.0220  	0.04011  	0.00244  	-0.0188  	0.00628  	0.02957  	0.03799  	0.00224  	0.21899  	0.17035  	-0.1203  	0.00453  	0.00751  	1.29566  	1.27433  	123.652  	115.631  	
-1.4130  	-0.0043  	-0.0459  	-1.1254  	-0.7617  	-0.6252  	1.10443  	0.23534  	0.35948  	1.65380  	1.49711  	0.96861  	-0.2278  	-0.8207  	-0.3862  	-0.2619  	0.51156  	0.97294  	0.24407  	-0.2205  	-0.2508  	0.06629  	1.03478  	-0.3804  	-0.1882  	0.19277  	0.44305  	-0.7633  	-0.3677  	-0.2113  	0.15655  	-0.0688  	-0.3957  	0.07624  	0.01415  	0.17145  	0.09365  	0.14443  	-0.0966  	-0.0334  	0.20580  	0.00903  	0.02639  	0.22289  	0.02814  	0.02917  	-0.0834  	0.19316  	0.07234  	-0.0085  	0.00223  	0.01489  	-0.0679  	0.00636  	-0.0092  	0.02124  	-0.0251  	0.03963  	0.00203  	-0.0145  	0.00488  	0.02771  	0.04176  	0.00850  	0.21899  	0.17035  	-0.1203  	0.00453  	0.00751  	1.29566  	1.27433  	123.652  	115.631  	
-1.3680  	0.01593  	0.03181  	-1.0541  	-0.8002  	-0.5655  	1.05240  	0.31053  	0.36133  	1.64562  	1.43579  	0.91552  	-0.2274  	-0.7978  	-0.4093  	-0.2713  	0.54395  	0.94926  	0.29433  	-0.2395  	-0.1774  	0.04499  	1.03157  	-0.3674  	-0.1724  	0.19219  	0.46668  	-0.7832  	-0.3755  	-0.2080  	0.14561  	-0.0519  	-0.4428  	0.07040  	-0.0003  	0.15555  	0.10554  	0.14495  	-0.0839  	-0.0521  	0.22406  	-0.0083  	0.03470  	0.22520  	0.02804  	0.03525  	-0.0845  	0.19198  	0.06023  	-0.0108  	-0.0012  	0.01384  	-0.0655  	0.00386  	-0.0148  	0.02087  	-0.0260  	0.03914  	0.00274  	-0.0187  	0.00404  	0.02777  	0.03663  	0.01193  	0.21899  	0.17035  	-0.1203  	0.00453  	0.00751  	1.29566  	1.27433  	123.652  	115.631  	
-1.2230  	0.07726  	0.11419  	-0.9771  	-0.8400  	-0.5209  	1.02459  	0.36092  	0.37260  	1.61071  	1.37284  	0.87045  	-0.2108  	-0.7422  	-0.3558  	-0.2451  	0.56589  	0.93655  	0.31431  	-0.2645  	-0.1710  	0.04348  	1.00411  	-0.3496  	-0.0972  	0.17561  	0.50635  	-0.8220  	-0.3517  	-0.1783  	0.15114  	-0.0400  	-0.4613  	0.06915  	0.00887  	0.16917  	0.12810  	0.15874  	-0.0788  	-0.0519  	0.23174  	-0.0191  	0.04478  	0.22868  	0.01969  	0.03816  	-0.0786  	0.19577  	0.07339  	-0.0166  	0.00301  	0.01160  	-0.0655  	0.00122  	-0.0127  	0.02878  	-0.0268  	0.03969  	0.00947  	-0.0128  	0.00409  	0.01923  	0.03767  	0.00474  	0.21899  	0.17035  	-0.1203  	0.00453  	0.00751  	1.29566  	1.27433  	123.652  	115.631  	
-1.0400  	0.06750  	0.17591  	-0.9259  	-0.8582  	-0.4046  	1.06363  	0.32965  	0.39673  	1.61574  	1.22410  	0.89348  	-0.1794  	-0.7465  	-0.3087  	-0.2012  	0.56302  	1.02880  	0.29065  	-0.2623  	-0.2709  	0.04666  	0.96661  	-0.3450  	-0.0223  	0.14911  	0.52708  	-0.7970  	-0.3424  	-0.1611  	0.15859  	-0.0355  	-0.4652  	0.05100  	-0.0425  	0.23317  	0.05996  	0.15736  	-0.0881  	0.00217  	0.23710  	-0.0257  	0.06562  	0.23155  	0.01964  	0.03609  	-0.0729  	0.20024  	0.08661  	-0.0143  	0.01032  	0.01292  	-0.0672  	0.00101  	-0.0097  	0.01624  	-0.0246  	0.03826  	0.00724  	-0.0061  	-0.0020  	0.01818  	0.04769  	0.00619  	0.21899  	0.17035  	-0.1203  	0.00453  	0.00751  	1.29566  	1.27433  	123.652  	115.631  	
-0.8817  	0.13800  	0.18199  	-0.6089  	-0.6925  	-0.2403  	1.10411  	0.27710  	0.37871  	1.46539  	1.04040  	1.02300  	-0.1318  	-0.6891  	-0.0403  	-0.1468  	0.53090  	1.05650  	0.26367  	-0.2151  	-0.3050  	0.08939  	0.93786  	-0.4032  	-0.0464  	0.16589  	0.49358  	-0.6745  	-0.2976  	-0.1412  	0.15316  	-0.0382  	-0.4192  	0.06214  	-0.0621  	0.22802  	0.02975  	0.11923  	-0.0717  	0.01807  	0.25913  	-0.0329  	0.10367  	0.24896  	0.03341  	0.03466  	-0.0704  	0.21431  	0.07896  	-0.0058  	0.01893  	0.01442  	-0.0672  	0.00746  	-0.0097  	0.02561  	-0.0139  	0.02690  	0.00818  	-0.0083  	-0.0006  	0.01719  	0.03937  	0.00246  	0.21899  	0.17035  	-0.1203  	0.00453  	0.00751  	1.29566  	1.27433  	123.652  	115.631  	
-0.6786  	0.20426  	0.34884  	-0.3361  	-0.6049  	-0.0741  	1.04132  	0.35349  	0.38584  	1.35340  	0.93099  	1.04242  	-0.0431  	-0.7302  	0.23202  	-0.1557  	0.65536  	0.85257  	0.34472  	-0.4964  	-0.2398  	-0.1620  	0.64559  	-0.3976  	-0.0494  	0.26641  	0.53182  	-0.7868  	-0.2078  	-0.1441  	0.21895  	-0.0464  	-0.5067  	-0.0898  	-0.0255  	0.21416  	-0.0250  	0.16374  	-0.2110  	-0.1062  	0.30026  	0.09001  	-0.0215  	0.33337  	-0.0335  	0.04791  	-0.0992  	0.23741  	0.07832  	-0.0402  	0.01977  	0.01923  	-0.0535  	0.02714  	0.00306  	0.02943  	-0.0260  	0.02966  	0.02119  	-0.0014  	0.00321  	0.00560  	0.01718  	0.00381  	0.21899  	0.17035  	-0.1203  	0.00453  	0.00751  	1.29566  	1.27433  	123.652  	115.631  	
-0.5927  	0.24221  	0.44704  	-0.3084  	-0.5129  	-0.0941  	1.04187  	0.37187  	0.35311  	1.40567  	1.04992  	1.05881  	-0.0640  	-0.7456  	0.14429  	-0.0407  	0.67538  	0.70059  	0.41629  	-0.6981  	-0.1462  	-0.3288  	0.37122  	-0.3646  	-0.1131  	0.30140  	0.54099  	-0.9399  	-0.1829  	-0.1661  	0.29134  	-0.0710  	-0.5914  	-0.2233  	-0.0340  	0.23203  	-0.0217  	0.16486  	-0.3387  	-0.1459  	0.34992  	0.21915  	-0.1266  	0.38602  	-0.0754  	0.07446  	-0.1231  	0.25223  	0.06535  	-0.0371  	0.02783  	0.02095  	-0.0544  	0.03717  	0.00974  	0.03303  	-0.0219  	0.01871  	0.01482  	0.00917  	0.00307  	0.00625  	0.00702  	-0.0008  	0.21899  	0.17035  	-0.1203  	0.00453  	0.00751  	1.29566  	1.27433  	123.652  	115.631  	
-0.5879  	0.20548  	0.47326  	-0.3589  	-0.5566  	-0.1140  	1.05928  	0.37197  	0.32736  	1.46514  	1.10963  	1.03205  	-0.0718  	-0.8355  	-0.0018  	0.02212  	0.63773  	0.71039  	0.42260  	-0.7230  	-0.1991  	-0.3836  	0.26947  	-0.3894  	-0.0736  	0.31119  	0.55192  	-0.8805  	-0.1558  	-0.1683  	0.31408  	-0.0789  	-0.6419  	-0.2614  	-0.0675  	0.27841  	-0.0858  	0.16140  	-0.3455  	-0.1618  	0.35550  	0.26011  	-0.1500  	0.40004  	-0.0939  	0.07251  	-0.1261  	0.26877  	0.06191  	-0.0415  	0.04431  	0.02684  	-0.0451  	0.03896  	0.01650  	0.02883  	-0.0121  	0.01675  	0.01628  	0.01155  	0.00286  	-0.0112  	0.01927  	0.00120  	0.21899  	0.17035  	-0.1203  	0.00453  	0.00751  	1.29566  	1.27433  	123.652  	115.631  	
-0.6069  	0.19248  	0.46965  	-0.4174  	-0.5912  	-0.1157  	1.09350  	0.33021  	0.33070  	1.45922  	1.09316  	0.98816  	-0.0991  	-0.8593  	-0.0464  	0.01058  	0.64270  	0.74529  	0.38759  	-0.6595  	-0.2258  	-0.3438  	0.32250  	-0.3801  	-0.0762  	0.29736  	0.53818  	-0.8628  	-0.1446  	-0.1574  	0.29561  	-0.0472  	-0.6254  	-0.2225  	-0.0792  	0.28264  	-0.0699  	0.15370  	-0.3162  	-0.1242  	0.36931  	0.21814  	-0.1151  	0.40186  	-0.0764  	0.06304  	-0.1263  	0.25308  	0.07390  	-0.0452  	0.03457  	0.02016  	-0.0511  	0.03558  	0.01697  	0.02615  	-0.0138  	0.01916  	0.00694  	0.00771  	0.00545  	-0.0102  	0.02403  	0.00750  	0.21899  	0.17035  	-0.1203  	0.00453  	0.00751  	1.29566  	1.27433  	123.652  	115.631  	
-0.8831  	0.12515  	0.16376  	-0.4495  	-0.5606  	-0.3125  	1.11671  	0.27676  	0.36287  	1.44451  	1.06704  	1.03756  	-0.1027  	-0.6556  	-0.0147  	-0.1432  	0.61875  	0.86555  	0.32344  	-0.4803  	-0.2908  	-0.1607  	0.57312  	-0.3803  	0.02150  	0.24296  	0.49908  	-0.7412  	-0.1838  	-0.1453  	0.23138  	-0.0770  	-0.5295  	-0.1007  	-0.0431  	0.28632  	-0.0375  	0.12382  	-0.1982  	-0.0669  	0.28574  	0.13031  	-0.0387  	0.29863  	-0.0321  	0.05041  	-0.0907  	0.22526  	0.08315  	-0.0226  	0.03867  	0.01444  	-0.0587  	0.02812  	0.00732  	0.02738  	-0.0115  	0.02559  	0.01643  	0.01236  	-0.0017  	0.01733  	0.02944  	0.01751  	0.21899  	0.17035  	-0.1203  	0.00453  	0.00751  	1.29566  	1.27433  	123.652  	115.631  	
-1.0475  	0.06724  	0.05676  	-0.5699  	-0.5535  	-0.3520  	1.09335  	0.23013  	0.36407  	1.46515  	1.17978  	1.05396  	-0.1428  	-0.6467  	0.09408  	-0.2009  	0.53540  	1.00698  	0.24660  	-0.2125  	-0.2606  	0.04129  	0.90487  	-0.3566  	-0.0101  	0.15597  	0.53183  	-0.7069  	-0.3156  	-0.1392  	0.13537  	-0.0150  	-0.3948  	0.08803  	0.06051  	0.19762  	0.06759  	0.14211  	-0.1185  	0.00224  	0.19277  	-0.0168  	0.02211  	0.22841  	0.03509  	0.02524  	-0.0567  	0.19089  	0.06999  	-0.0173  	0.00886  	0.01724  	-0.0643  	0.01284  	-0.0070  	0.02359  	-0.0112  	0.03899  	0.00878  	-0.0038  	0.00143  	-0.0017  	0.04151  	0.00659  	0.21899  	0.17035  	-0.1203  	0.00453  	0.00751  	1.29566  	1.27433  	123.652  	115.631  	
-1.0032  	0.07953  	0.09536  	-0.6649  	-0.6699  	-0.2380  	1.09120  	0.20074  	0.35385  	1.51094  	1.17088  	1.01635  	-0.1632  	-0.7265  	-0.0779  	-0.1861  	0.52697  	1.04624  	0.23600  	-0.2110  	-0.3749  	0.06110  	0.96686  	-0.3959  	-0.0395  	0.16116  	0.40697  	-0.6474  	-0.2531  	-0.1448  	0.14954  	-0.0405  	-0.4487  	0.07826  	-0.0536  	0.26044  	-4.6789  	0.13215  	-0.0707  	-0.0006  	0.24145  	-0.0254  	0.07771  	0.23564  	0.04137  	0.03393  	-0.0716  	0.19786  	0.07741  	-0.0054  	0.00925  	0.01886  	-0.0638  	0.00555  	-0.0025  	0.01867  	-0.0113  	0.04280  	0.01117  	-0.0117  	0.00021  	0.00632  	0.04385  	0.00195  	0.21899  	0.17035  	-0.1203  	0.00453  	0.00751  	1.29566  	1.27433  	123.652  	115.631  	
-0.9299  	0.10458  	0.18862  	-0.6473  	-0.6863  	-0.1614  	1.09791  	0.20880  	0.36088  	1.46551  	1.04191  	1.03305  	-0.1587  	-0.7572  	-0.0779  	-0.1276  	0.52972  	1.07261  	0.25142  	-0.1976  	-0.4313  	0.07662  	0.95870  	-0.4533  	-0.0513  	0.17780  	0.37610  	-0.5974  	-0.1806  	-0.1394  	0.17397  	-0.0486  	-0.4395  	0.08417  	-0.1507  	0.25668  	-0.0252  	0.12768  	-0.0452  	0.02163  	0.28625  	-0.0353  	0.10987  	0.26050  	0.02805  	0.02841  	-0.0602  	0.21664  	0.08401  	-0.0072  	0.00913  	0.01653  	-0.0634  	0.00636  	0.00234  	0.01797  	-0.0117  	0.04120  	0.01018  	-0.0126  	0.00210  	0.01319  	0.04717  	0.00786  	0.21899  	0.17035  	-0.1203  	0.00453  	0.00751  	1.29566  	1.27433  	123.652  	115.631  	
-0.7854  	0.13524  	0.24899  	-0.3939  	-0.5501  	-0.2123  	1.09284  	0.21178  	0.38754  	1.48805  	1.03681  	1.07856  	-0.1246  	-0.6906  	-0.0342  	-0.0733  	0.49210  	1.04231  	0.24429  	-0.1346  	-0.4403  	0.09401  	0.80522  	-0.4418  	-0.0289  	0.15027  	0.35035  	-0.5352  	-0.1854  	-0.1101  	0.10745  	-0.0248  	-0.4159  	0.11546  	-0.0344  	0.27178  	-0.0091  	0.11709  	-0.0441  	0.01418  	0.26147  	-0.0434  	0.09354  	0.23805  	0.03098  	0.03205  	-0.0738  	0.22768  	0.08981  	-0.0098  	0.00844  	0.01124  	-0.0609  	0.00021  	-0.0007  	0.02758  	-0.0149  	0.03656  	0.00742  	-0.0148  	0.00156  	0.00256  	0.04203  	0.00414  	0.21899  	0.17035  	-0.1203  	0.00453  	0.00751  	1.29566  	1.27433  	123.652  	115.631  	
-0.8622  	0.16034  	0.16486  	-0.5139  	-0.5265  	-0.2911  	1.14426  	0.22788  	0.37200  	1.52368  	1.08969  	1.06044  	-0.1667  	-0.6270  	-0.1312  	-0.0206  	0.48724  	1.04103  	0.23950  	-0.1748  	-0.4037  	0.08873  	0.81492  	-0.3835  	0.03602  	0.16031  	0.43662  	-0.5928  	-0.1866  	-0.1009  	0.09339  	-0.0575  	-0.4374  	0.10187  	-0.0012  	0.33281  	0.00086  	0.12425  	-0.0490  	0.02678  	0.21394  	-0.0171  	0.06140  	0.21397  	0.02833  	0.03089  	-0.0711  	0.21753  	0.09775  	-0.0110  	0.02709  	0.01053  	-0.0582  	0.00291  	0.00489  	0.01426  	-0.0059  	0.04673  	0.01740  	-0.0176  	-0.0064  	-0.0042  	0.05661  	0.01264  	0.21899  	0.17035  	-0.1203  	0.00453  	0.00751  	1.29566  	1.27433  	123.652  	115.631  	
-1.0961  	0.08101  	0.02965  	-0.5796  	-0.5416  	-0.3563  	1.12965  	0.22717  	0.34536  	1.54491  	1.23198  	1.05744  	-0.1314  	-0.6110  	-0.1381  	-0.1469  	0.49999  	0.97929  	0.22706  	-0.1381  	-0.3551  	0.05547  	0.84926  	-0.3490  	-0.0146  	0.17355  	0.44692  	-0.6567  	-0.2700  	-0.1384  	0.11617  	-0.0532  	-0.3927  	0.09122  	0.02225  	0.28741  	0.00696  	0.09720  	-0.0847  	0.00539  	0.17018  	0.02662  	0.03790  	0.22268  	0.05297  	0.03526  	-0.0706  	0.19374  	0.09106  	-0.0056  	0.02421  	0.01386  	-0.0620  	0.01328  	-0.0039  	0.01858  	-0.0139  	0.04382  	0.02264  	-0.0005  	-0.0047  	0.01272  	0.03033  	0.00339  	0.21899  	0.17035  	-0.1203  	0.00453  	0.00751  	1.29566  	1.27433  	123.652  	115.631  	
-1.2993  	0.02323  	-0.0025  	-0.8391  	-0.6424  	-0.4471  	1.12309  	0.22282  	0.36488  	1.56795  	1.38959  	1.02451  	-0.1759  	-0.7373  	-0.1883  	-0.2604  	0.51172  	0.98830  	0.21119  	-0.1883  	-0.2217  	0.03075  	0.96367  	-0.3441  	-0.1411  	0.17479  	0.44535  	-0.7183  	-0.3492  	-0.1943  	0.13813  	-0.0827  	-0.3989  	0.08539  	0.05058  	0.19637  	0.06698  	0.11109  	-0.1065  	-0.0321  	0.19512  	0.02007  	0.01732  	0.20588  	0.03968  	0.03574  	-0.0748  	0.17767  	0.08009  	-0.0119  	0.01121  	0.01413  	-0.0708  	0.00501  	-0.0124  	0.02692  	-0.0199  	0.03933  	0.00636  	-0.0190  	0.00195  	0.02059  	0.02587  	-0.0038  	0.21899  	0.17035  	-0.1203  	0.00453  	0.00751  	1.29566  	1.27433  	123.652  	115.631  	
-1.3408  	0.01249  	0.05085  	-0.9917  	-0.7236  	-0.5506  	1.08360  	0.30111  	0.36552  	1.63812  	1.44900  	0.97510  	-0.2054  	-0.7428  	-0.3132  	-0.2674  	0.52263  	0.95425  	0.27102  	-0.2455  	-0.2007  	0.04128  	1.02853  	-0.3771  	-0.1548  	0.17778  	0.47192  	-0.7963  	-0.3568  	-0.1901  	0.15572  	-0.0771  	-0.4295  	0.06680  	0.02770  	0.17375  	0.12287  	0.14643  	-0.0892  	-0.0529  	0.21407  	0.00262  	0.03140  	0.22331  	0.04020  	0.03965  	-0.0861  	0.18668  	0.06588  	-0.0047  	0.00018  	0.01517  	-0.0713  	0.00085  	-0.0094  	0.02397  	-0.0277  	0.04220  	0.00629  	-0.0203  	0.00342  	0.02829  	0.04109  	0.00340  	0.21899  	0.17035  	-0.1203  	0.00453  	0.00751  	1.29566  	1.27433  	123.652  	115.631  	
-1.1962  	0.04410  	0.10655  	-0.9784  	-0.8303  	-0.5331  	1.04012  	0.33861  	0.37058  	1.61390  	1.34356  	0.89268  	-0.1959  	-0.7444  	-0.3421  	-0.2463  	0.55632  	0.95173  	0.30435  	-0.2818  	-0.2081  	0.04246  	1.01084  	-0.3737  	-0.0859  	0.16629  	0.52259  	-0.8084  	-0.3513  	-0.1664  	0.15994  	-0.0412  	-0.4485  	0.06226  	-0.0100  	0.19447  	0.11584  	0.15274  	-0.0853  	-0.0493  	0.23496  	-0.0136  	0.05005  	0.23427  	0.02568  	0.04002  	-0.0748  	0.19346  	0.07572  	-0.0078  	0.00073  	0.00923  	-0.0670  	0.00165  	-0.0104  	0.02516  	-0.0297  	0.04044  	0.00968  	-0.0129  	0.00561  	0.01827  	0.04273  	0.00149  	0.21899  	0.17035  	-0.1203  	0.00453  	0.00751  	1.29566  	1.27433  	123.652  	115.631  	
-0.9932  	0.09813  	0.20089  	-0.9847  	-0.8922  	-0.3404  	1.06421  	0.33385  	0.39110  	1.64308  	1.13153  	0.88290  	-0.1698  	-0.6935  	-0.1684  	-0.2474  	0.56617  	1.02286  	0.31239  	-0.2632  	-0.2327  	0.11433  	1.04415  	-0.4159  	-0.0192  	0.15317  	0.53330  	-0.7740  	-0.3541  	-0.1550  	0.19355  	-0.0384  	-0.4514  	0.06421  	-0.0897  	0.18784  	0.07846  	0.14348  	-0.0915  	0.01852  	0.27188  	-0.0320  	0.09734  	0.26849  	0.02103  	0.02301  	-0.0691  	0.20373  	0.09372  	-0.0151  	-0.0017  	0.01161  	-0.0635  	0.00915  	-0.0110  	0.01590  	-0.0355  	0.03184  	0.00013  	-0.0115  	0.00700  	0.03826  	0.03960  	0.00422  	0.21899  	0.17035  	-0.1203  	0.00453  	0.00751  	1.29566  	1.27433  	123.652  	115.631  	
-1.0624  	0.10102  	0.17361  	-0.8918  	-0.8401  	-0.3162  	1.12311  	0.22880  	0.38770  	1.55861  	1.10712  	0.91065  	-0.1580  	-0.8119  	-0.2085  	-0.1729  	0.57007  	1.05407  	0.29050  	-0.2045  	-0.3685  	0.09478  	0.99825  	-0.4614  	-0.0563  	0.18663  	0.43094  	-0.6618  	-0.2541  	-0.1765  	0.19034  	-0.0469  	-0.4336  	0.07642  	-0.1634  	0.22403  	0.00842  	0.14015  	-0.0623  	0.00670  	0.29395  	-0.0347  	0.12431  	0.25276  	0.02453  	0.02443  	-0.0709  	0.21347  	0.09520  	-0.0166  	0.00394  	0.01337  	-0.0698  	0.00848  	-0.0100  	0.01762  	-0.0275  	0.03186  	0.00075  	-0.0064  	0.00471  	0.03186  	0.04623  	0.01051  	0.21899  	0.17035  	-0.1203  	0.00453  	0.00751  	1.29566  	1.27433  	123.652  	115.631  	
-1.1313  	0.08267  	0.07676  	-0.8061  	-0.7346  	-0.3717  	1.13392  	0.16807  	0.37281  	1.56629  	1.20493  	0.97099  	-0.1881  	-0.8732  	-0.1705  	-0.1783  	0.54655  	1.02712  	0.24817  	-0.1873  	-0.3666  	0.04941  	0.95180  	-0.4502  	-0.0465  	0.18588  	0.44747  	-0.6598  	-0.2528  	-0.1810  	0.15419  	-0.0395  	-0.4219  	0.09210  	-0.0903  	0.25894  	0.02000  	0.13478  	-0.0716  	-0.0043  	0.26572  	-0.0235  	0.08105  	0.24389  	0.03151  	0.03547  	-0.0688  	0.19461  	0.07554  	-0.0055  	0.00985  	0.01380  	-0.0598  	0.00883  	-0.0041  	0.01848  	-0.0211  	0.03962  	0.00625  	-0.0093  	0.00644  	0.01813  	0.04244  	0.00556  	0.21899  	0.17035  	-0.1203  	0.00453  	0.00751  	1.29566  	1.27433  	123.652  	115.631  	
-1.0872  	0.07471  	0.08090  	-0.8012  	-0.7206  	-0.4088  	1.10684  	0.21497  	0.37114  	1.52119  	1.25092  	0.96372  	-0.1866  	-0.8171  	-0.1553  	-0.1702  	0.52417  	1.02332  	0.22692  	-0.2038  	-0.2986  	0.04270  	0.95876  	-0.4090  	-0.0756  	0.17721  	0.46654  	-0.7130  	-0.3211  	-0.1824  	0.13496  	-0.0328  	-0.4440  	0.07824  	-0.0368  	0.23634  	0.07094  	0.15287  	-0.0972  	-0.0107  	0.25500  	-0.0254  	0.05993  	0.23501  	0.02994  	0.02971  	-0.0621  	0.19036  	0.07590  	-0.0073  	0.00840  	0.01433  	-0.0583  	0.01016  	-0.0021  	0.01907  	-0.0161  	0.03944  	0.00376  	-0.0063  	0.00035  	0.01317  	0.04210  	0.01048  	0.21899  	0.17035  	-0.1203  	0.00453  	0.00751  	1.29566  	1.27433  	123.652  	115.631  	
-1.0947  	0.09442  	0.14294  	-0.8023  	-0.7417  	-0.3639  	1.11341  	0.24435  	0.39241  	1.53581  	1.25148  	0.95744  	-0.1512  	-0.7245  	-0.1262  	-0.1597  	0.53626  	0.99799  	0.21498  	-0.2234  	-0.3286  	0.08633  	0.9982  	-0.3763  	-0.0842  	0.19322  	0.43837  	-0.7233  	-0.2967  	-0.2034  	0.16501  	-0.0541  	-0.4243  	0.08040  	-0.0661  	0.21688  	0.04694  	0.14114  	-0.0792  	-0.0202  	0.25418  	-0.0166  	0.08175  	0.23163  	0.01943  	0.02671  	-0.0621  	0.21289  	0.08203  	-0.0103  	0.01146  	0.01976  	-0.0624  	0.00939  	-0.0052  	0.01732  	-0.0217  	0.03742  	0.00651  	-0.0085  	0.00291  	0.01933  	0.04651  	0.01020  	0.21899  	0.17035  	-0.1203  	0.00453  	0.00751  	1.29566  	1.27433  	123.652  	115.631  	
-1.1738  	0.07480  	0.05612  	-0.7374  	-0.6529  	-0.3878  	1.07363  	0.20509  	0.38744  	1.49717  	1.24378  	1.05699  	-0.1529  	-0.7769  	-0.1904  	-0.1159  	0.54203  	1.07286  	0.24214  	-0.1495  	-0.3846  	0.03514  	0.95370  	-0.4445  	-0.1967  	0.20818  	0.29633  	-0.5508  	-0.2615  	-0.2444  	0.18801  	-0.0614  	-0.4039  	0.08682  	-0.0916  	0.23094  	-0.0437  	0.10413  	-0.0420  	-0.0082  	0.24100  	-0.0286  	0.07074  	0.22913  	0.01218  	0.03102  	-0.0695  	0.22587  	0.08061  	-0.0096  	0.01699  	0.01608  	-0.0660  	0.00080  	0.00037  	0.02272  	-0.0194  	0.04393  	0.00863  	-0.0072  	0.00490  	0.02561  	0.04448  	0.00849  	0.21899  	0.17035  	-0.1203  	0.00453  	0.00751  	1.29566  	1.27433  	123.652  	115.631  	
-1.4276  	0.00085  	-0.0446  	-1.0770  	-0.8210  	-0.5249  	1.12874  	0.15511  	0.37718  	1.60274  	1.45536  	0.98282  	-0.2135  	-0.9616  	-0.4686  	-0.1712  	0.51619  	1.04776  	0.22498  	-0.1081  	-0.3859  	0.06018  	0.90176  	-0.5022  	-0.2289  	0.23276  	0.25370  	-0.5453  	-0.3235  	-0.2844  	0.19366  	-0.0566  	-0.3975  	0.08089  	-0.1258  	0.28133  	-0.0129  	0.12015  	-0.0564  	-0.0737  	0.24445  	-0.0206  	0.08089  	0.19270  	0.03112  	0.02395  	-0.0693  	0.21723  	0.09419  	0.00122  	-0.0091  	0.01275  	-0.0595  	0.01112  	0.00322  	0.00948  	-0.0211  	0.03788  	0.00953  	-0.0046  	0.00089  	0.01165  	0.05816  	0.01763  	0.21899  	0.17035  	-0.1203  	0.00453  	0.00751  	1.29566  	1.27433  	123.652  	115.631  	
-1.4577  	-0.0369  	-0.0548  	-1.1410  	-0.8129  	-0.6045  	1.12824  	0.17670  	0.35836  	1.64695  	1.50825  	0.93667  	-0.2197  	-0.9045  	-0.4559  	-0.2508  	0.51991  	1.00758  	0.23637  	-0.1782  	-0.3297  	0.06670  	0.93850  	-0.4483  	-0.1873  	0.21575  	0.31645  	-0.6540  	-0.3452  	-0.2664  	0.19636  	-0.0581  	-0.4080  	0.07220  	-0.0957  	0.23329  	0.02619  	0.12392  	-0.0762  	-0.0674  	0.25574  	-0.0263  	0.07469  	0.19208  	0.03762  	0.02168  	-0.0738  	0.21361  	0.08077  	-0.0007  	-0.0119  	0.01563  	-0.0606  	0.00944  	0.00145  	0.00628  	-0.0237  	0.03586  	0.00396  	-0.0035  	0.00163  	0.01928  	0.05835  	0.01551  	0.21899  	0.17035  	-0.1203  	0.00453  	0.00751  	1.29566  	1.27433  	123.652  	115.631  	
-1.4122  	-0.0155  	0.01822  	-1.1193  	-0.8294  	-0.6170  	1.05026  	0.30457  	0.38353  	1.64263  	1.51136  	0.88471  	-0.2501  	-0.8315  	-0.4801  	-0.2745  	0.55868  	0.94246  	0.28887  	-0.2360  	-0.2174  	0.07095  	1.01390  	-0.3461  	-0.1541  	0.21812  	0.43938  	-0.7824  	-0.4080  	-0.2521  	0.18638  	-0.0478  	-0.4137  	0.07620  	-0.0257  	0.16283  	0.10633  	0.14642  	-0.0993  	-0.0681  	0.23984  	-0.0157  	0.05274  	0.21077  	0.02315  	0.02850  	-0.0736  	0.20814  	0.06704  	-0.0101  	-0.0073  	0.01586  	-0.0626  	0.01037  	-0.0090  	0.01612  	-0.0214  	0.04061  	0.00456  	-0.0047  	0.00527  	0.02120  	0.04930  	0.01033  	0.21899  	0.17035  	-0.1203  	0.00453  	0.00751  	1.29566  	1.27433  	123.652  	115.631  	
-1.1015  	0.08003  	0.12478  	-0.9938  	-0.8548  	-0.5580  	1.03462  	0.30965  	0.36410  	1.60426  	1.26165  	0.90855  	-0.1668  	-0.7300  	-0.2231  	-0.2824  	0.57081  	0.98030  	0.32454  	-0.2894  	-0.2366  	0.11191  	1.02686  	-0.3268  	-0.0456  	0.16799  	0.56228  	-0.8598  	-0.3815  	-0.1558  	0.20252  	-0.0507  	-0.4395  	0.06258  	-0.0465  	0.21032  	0.12033  	0.15860  	-0.1009  	-0.0214  	0.24621  	-0.0144  	0.05983  	0.23425  	0.02522  	0.02999  	-0.0759  	0.20743  	0.07723  	-0.0360  	-0.0043  	0.01391  	-0.0758  	0.00514  	-0.0089  	0.01006  	-0.0286  	0.03678  	0.01151  	-0.0080  	-0.0018  	0.02178  	0.04642  	0.00637  	0.21899  	0.17035  	-0.1203  	0.00453  	0.00751  	1.29566  	1.27433  	123.652  	115.631  	
-0.7998  	0.11866  	0.24584  	-0.8062  	-0.7866  	-0.1857  	1.03831  	0.31560  	0.40550  	1.46078  	1.13113  	0.92356  	-0.1564  	-0.7996  	-0.2113  	-0.0355  	0.58336  	1.04646  	0.31639  	-0.2854  	-0.2920  	0.05913  	1.01871  	-0.4370  	-0.0318  	0.16203  	0.50795  	-0.7676  	-0.3162  	-0.1591  	0.11634  	-0.0025  	-0.4262  	0.04993  	-0.0523  	0.22918  	0.12520  	0.17665  	-0.1207  	-0.0498  	0.30316  	-0.0472  	0.12532  	0.25891  	0.04466  	0.04400  	-0.0667  	0.21592  	0.08271  	-0.0071  	-0.0024  	0.01125  	-0.0618  	0.00956  	-0.0032  	0.02153  	-0.0245  	0.03735  	0.01673  	-0.0161  	0.00209  	0.01642  	0.05235  	0.00475  	0.21899  	0.17035  	-0.1203  	0.00453  	0.00751  	1.29566  	1.27433  	123.652  	115.631  	
-0.6959  	0.16847  	0.36807  	-0.5726  	-0.6957  	-0.1220  	1.07350  	0.27966  	0.38015  	1.51925  	1.12187  	1.01729  	-0.1645  	-0.7922  	-0.1368  	0.04310  	0.53121  	1.05040  	0.29133  	-0.2034  	-0.3581  	0.06279  	0.90480  	-0.4560  	-0.0406  	0.15950  	0.41129  	-0.6761  	-0.2927  	-0.1651  	0.12314  	-0.0177  	-0.4412  	0.06547  	-0.0373  	0.26193  	0.09004  	0.17638  	-0.0997  	-0.0011  	0.27981  	-0.0377  	0.12555  	0.24652  	0.01870  	0.03747  	-0.0683  	0.21902  	0.08529  	-0.0154  	0.02192  	0.01372  	-0.0528  	-0.0015  	0.00260  	0.02471  	-0.0128  	0.03504  	0.00954  	-0.0111  	-0.0015  	0.00912  	0.04446  	0.00790  	0.21899  	0.17035  	-0.1203  	0.00453  	0.00751  	1.29566  	1.27433  	123.652  	115.631  	
-0.7537  	0.13183  	0.36742  	-0.5137  	-0.6651  	-0.1523  	1.05660  	0.22361  	0.36039  	1.54510  	1.17583  	1.02031  	-0.2036  	-0.8285  	-0.1092  	0.04728  	0.49840  	1.00334  	0.28002  	-0.1820  	-0.3080  	0.04427  	0.88097  	-0.3970  	-0.0108  	0.13752  	0.47761  	-0.7080  	-0.3196  	-0.1652  	0.11029  	0.01570  	-0.4448  	0.06017  	0.03440  	0.29590  	0.10932  	0.17620  	-0.1248  	-0.0110  	0.23424  	-0.0211  	0.08069  	0.23159  	0.01087  	0.04029  	-0.0686  	0.21673  	0.08136  	-0.0076  	0.02711  	0.01572  	-0.0552  	0.00663  	-0.0005  	0.02587  	-0.0073  	0.03890  	0.01222  	-0.0054  	-0.0017  	0.00206  	0.05045  	0.00711  	0.21899  	0.17035  	-0.1203  	0.00453  	0.00751  	1.29566  	1.27433  	123.652  	115.631  	
-0.8001  	0.11153  	0.22876  	-0.6132  	-0.7314  	-0.1608  	1.08168  	0.16619  	0.32496  	1.46279  	1.19641  	0.95086  	-0.2402  	-0.8414  	-0.0746  	-0.0386  	0.51839  	0.98698  	0.24828  	-0.2620  	-0.2639  	0.07322  	0.92441  	-0.3600  	-0.0337  	0.13379  	0.53300  	-0.7697  	-0.3584  	-0.1670  	0.12113  	0.02154  	-0.4672  	0.06943  	0.06423  	0.29537  	0.15931  	0.17984  	-0.1522  	-0.0255  	0.23404  	-0.0265  	0.06938  	0.24054  	0.03003  	0.03445  	-0.0668  	0.18957  	0.08006  	-0.0115  	0.02217  	0.02028  	-0.0521  	0.00758  	-0.0009  	0.02932  	-0.0113  	0.04517  	0.01363  	-0.0094  	-0.0022  	0.00423  	0.05040  	0.00712  	0.21899  	0.17035  	-0.1203  	0.00453  	0.00751  	1.29566  	1.27433  	123.652  	115.631  	
-0.7421  	0.12448  	0.28564  	-0.6065  	-0.7206  	-0.1449  	1.12227  	0.19850  	0.36118  	1.47645  	1.20552  	0.92947  	-0.2134  	-0.7902  	-0.0869  	-0.0004  	0.50389  	0.98916  	0.24517  	-0.2573  	-0.2711  	0.05798  	0.92112  	-0.3636  	-0.0239  	0.13884  	0.52458  	-0.7535  	-0.4001  	-0.1663  	0.12477  	0.02835  	-0.4616  	0.07303  	0.08531  	0.28994  	0.17680  	0.17806  	-0.1620  	-0.0417  	0.21501  	-0.0221  	0.06616  	0.23588  	0.03207  	0.02638  	-0.0674  	0.19209  	0.08200  	-0.0171  	0.01683  	0.01607  	-0.0528  	0.00533  	0.00301  	0.02764  	-0.0122  	0.04266  	0.00949  	-0.0121  	-0.0072  	0.01056  	0.05323  	0.01034  	0.21899  	0.17035  	-0.1203  	0.00453  	0.00751  	1.29566  	1.27433  	123.652  	115.631  	
-0.7537  	0.14496  	0.41007  	-0.6497  	-0.7278  	-0.1875  	1.06433  	0.23189  	0.35222  	1.53091  	1.17956  	1.00163  	-0.1526  	-0.8827  	-0.1929  	0.00245  	0.60582  	0.87099  	0.33358  	-0.4431  	-0.3438  	-0.2107  	0.59276  	-0.4207  	-0.1142  	0.25403  	0.41213  	-0.7646  	-0.2299  	-0.1893  	0.23082  	-0.0234  	-0.5366  	-0.0821  	-0.0558  	0.29281  	-0.0092  	0.15894  	-0.2343  	-0.0680  	0.35121  	0.11772  	-0.0179  	0.31914  	-0.0447  	0.05463  	-0.0915  	0.22402  	0.08112  	-0.0249  	0.02771  	0.02157  	-0.0564  	0.02817  	0.00775  	0.02149  	-0.0188  	0.03040  	0.01084  	-0.0006  	-0.0019  	0.00950  	0.02819  	0.00543  	0.21899  	0.17035  	-0.1203  	0.00453  	0.00751  	1.29566  	1.27433  	123.652  	115.631  	
-0.9343  	0.11187  	0.26911  	-0.6923  	-0.7574  	-0.3213  	1.04477  	0.26269  	0.30701  	1.55564  	1.18206  	0.98386  	-0.0796  	-0.8871  	-0.1882  	-0.1514  	0.67332  	0.72607  	0.38859  	-0.6853  	-0.2941  	-0.3768  	0.42035  	-0.4278  	-0.1158  	0.34608  	0.42837  	-0.7873  	-0.1269  	-0.1994  	0.35166  	-0.0861  	-0.6147  	-0.2284  	-0.1398  	0.28943  	-0.1227  	0.13748  	-0.3174  	-0.1389  	0.38591  	0.22472  	-0.1036  	0.38855  	-0.0686  	0.06918  	-0.1081  	0.23748  	0.05374  	-0.0368  	0.03296  	0.02623  	-0.0541  	0.04781  	0.00999  	0.01814  	-0.0188  	0.01928  	0.01733  	0.01301  	0.00691  	0.00166  	0.01563  	0.00928  	0.21899  	0.17035  	-0.1203  	0.00453  	0.00751  	1.29566  	1.27433  	123.652  	115.631  	
-1.1547  	0.11121  	0.20739  	-0.8036  	-0.7681  	-0.4546  	1.01567  	0.25382  	0.31769  	1.51078  	1.20900  	0.96372  	-0.1202  	-0.9279  	-0.1083  	-0.2132  	0.74096  	0.68168  	0.42496  	-0.7943  	-0.2122  	-0.4373  	0.44648  	-0.4111  	-0.1140  	0.36451  	0.47864  	-0.9143  	-0.2003  	-0.1911  	0.37642  	-0.1151  	-0.6434  	-0.2614  	-0.1631  	0.27605  	-0.1000  	0.13826  	-0.3648  	-0.1910  	0.39654  	0.25417  	-0.1740  	0.39092  	-0.0949  	0.07192  	-0.1137  	0.22653  	0.03703  	-0.0219  	0.03135  	0.02683  	-0.0546  	0.04742  	0.00922  	0.02261  	-0.0240  	0.01470  	0.01501  	0.01924  	0.00365  	0.01617  	0.01969  	0.01318  	0.21899  	0.17035  	-0.1203  	0.00453  	0.00751  	1.29566  	1.27433  	123.652  	115.631  	
-1.0773  	0.16125  	0.25752  	-0.8563  	-0.8392  	-0.4120  	1.00609  	0.27166  	0.31249  	1.49356  	1.25369  	0.91401  	-0.1589  	-0.9067  	-0.0640  	-0.2890  	0.74291  	0.68922  	0.41584  	-0.7996  	-0.1368  	-0.3650  	0.56484  	-0.4283  	-0.1706  	0.36875  	0.50424  	-0.9542  	-0.2210  	-0.1974  	0.35120  	-0.0941  	-0.6344  	-0.2303  	-0.1713  	0.23397  	-0.0440  	0.15936  	-0.3664  	-0.1866  	0.40414  	0.20708  	-0.1434  	0.39206  	-0.0792  	0.06603  	-0.1110  	0.23453  	0.03954  	-0.0302  	0.02480  	0.02601  	-0.0561  	0.04719  	0.00439  	0.02143  	-0.0217  	0.02019  	0.01375  	0.00946  	0.00892  	0.00973  	0.01523  	0.00175  	0.21899  	0.17035  	-0.1203  	0.00453  	0.00751  	1.29566  	1.27433  	123.652  	115.631  	
-0.8335  	0.09823  	0.23046  	-0.5594  	-0.6630  	-0.2469  	1.03472  	0.22139  	0.30476  	1.49910  	1.14309  	1.02512  	-0.1677  	-0.9971  	-0.1985  	-0.0319  	0.63128  	0.86511  	0.32456  	-0.5042  	-0.3306  	-0.2106  	0.63809  	-0.3920  	-0.0732  	0.27605  	0.52503  	-0.7593  	-0.2627  	-0.1388  	0.23096  	-0.0325  	-0.5677  	-0.0994  	-0.1087  	0.27105  	-0.0165  	0.14463  	-0.2373  	-0.0711  	0.28812  	0.11322  	-0.0468  	0.33223  	-0.0409  	0.05500  	-0.0953  	0.22185  	0.07091  	-0.0224  	0.01667  	0.02178  	-0.0582  	0.02286  	0.00660  	0.01817  	-0.0141  	0.03152  	0.00822  	-0.0113  	-0.0056  	0.00355  	0.03977  	0.00420  	0.21899  	0.17035  	-0.1203  	0.00453  	0.00751  	1.29566  	1.27433  	123.652  	115.631  	
-0.6510  	0.10950  	0.32866  	-0.3407  	-0.5585  	-0.0729  	1.09095  	0.24147  	0.33786  	1.49529  	1.11559  	1.09943  	-0.1701  	-0.8382  	-0.1280  	0.15411  	0.52987  	0.99906  	0.29818  	-0.2095  	-0.3169  	0.03470  	0.81239  	-0.3121  	0.02907  	0.15008  	0.60511  	-0.7158  	-0.3689  	-0.1324  	0.08556  	0.05314  	-0.4619  	0.04324  	0.06894  	0.34236  	0.09148  	0.17795  	-0.1464  	0.00704  	0.18319  	-0.0095  	0.07085  	0.26174  	0.03575  	0.03455  	-0.0725  	0.21788  	0.08891  	-0.0155  	0.02126  	0.01038  	-0.0501  	0.00640  	0.00296  	0.02282  	-0.0081  	0.04394  	0.01123  	-0.0039  	-0.0085  	-0.0023  	0.05045  	0.00323  	0.21899  	0.17035  	-0.1203  	0.00453  	0.00751  	1.29566  	1.27433  	123.652  	115.631  	
-0.2810  	0.30711  	0.51591  	-0.1739  	-0.4533  	0.08837  	1.15529  	0.39904  	0.44230  	1.40091  	0.85707  	1.04420  	0.01944  	-0.4009  	0.41660  	-0.0021  	0.53568  	0.88581  	0.24340  	-0.3031  	-0.1627  	0.12098  	0.86927  	-0.2547  	-0.0001  	0.12692  	0.67455  	-0.8846  	-0.4030  	-0.1114  	0.08016  	0.02793  	-0.4102  	0.06466  	0.17461  	0.19764  	0.15940  	0.16115  	-0.1234  	0.02980  	0.15957  	0.00010  	0.07084  	0.25578  	0.00943  	0.03150  	-0.0885  	0.23763  	0.09927  	-0.0049  	0.03899  	0.01331  	-0.0533  	0.00040  	-0.0015  	0.04492  	-0.0125  	0.03394  	0.00876  	-0.0023  	-0.0017  	0.01859  	0.03882  	0.00558  	0.21899  	0.17035  	-0.1203  	0.00453  	0.00751  	1.29566  	1.27433  	123.652  	115.631  	
-0.2944  	0.29231  	0.51529  	-0.2254  	-0.4755  	0.10190  	1.20166  	0.40289  	0.43118  	1.42418  	0.81532  	0.94217  	0.03324  	-0.3239  	0.38893  	-0.0803  	0.52923  	0.89781  	0.23975  	-0.3534  	-0.2232  	0.21375  	0.89744  	-0.3612  	0.11311  	0.11601  	0.66736  	-0.9164  	-0.3326  	-0.0865  	0.11353  	-0.0145  	-0.4219  	0.08754  	0.10212  	0.21271  	0.10289  	0.16501  	-0.0867  	0.03206  	0.17688  	-0.0090  	0.10771  	0.28283  	0.00771  	0.02787  	-0.0914  	0.26202  	0.11317  	-0.0256  	0.02245  	0.01419  	-0.0567  	0.00555  	0.00196  	0.03977  	-0.0165  	0.04094  	0.00306  	-0.0096  	0.00015  	0.01729  	0.04714  	0.00488  	0.21899  	0.17035  	-0.1203  	0.00453  	0.00751  	1.29566  	1.27433  	123.652  	115.631  	
-0.5002  	0.24033  	0.37621  	-0.0937  	-0.4604  	0.00281  	1.14789  	0.34786  	0.42699  	1.43044  	0.89156  	0.96449  	-0.0251  	-0.3078  	0.49940  	-0.0577  	0.56385  	0.91299  	0.22517  	-0.2942  	-0.1804  	0.14098  	0.89075  	-0.2940  	0.06378  	0.12722  	0.69522  	-0.9078  	-0.4049  	-0.0767  	0.11004  	0.02933  	-0.4179  	0.07153  	0.15958  	0.15782  	0.16499  	0.15347  	-0.1377  	0.02267  	0.12407  	-0.0193  	0.05764  	0.26362  	0.01202  	0.03836  	-0.0804  	0.23004  	0.08918  	-0.0101  	0.01481  	0.01762  	-0.0598  	0.00839  	0.00248  	0.03430  	-0.0205  	0.03441  	0.01032  	-0.0075  	0.00012  	0.01363  	0.03187  	-0.0037  	0.21899  	0.17035  	-0.1203  	0.00453  	0.00751  	1.29566  	1.27433  	123.652  	115.631  	
-0.6366  	0.16211  	0.28415  	-0.2030  	-0.4187  	-0.0216  	1.14625  	0.25729  	0.36376  	1.34484  	0.87429  	1.07040  	-0.1223  	-0.5406  	0.31381  	-0.0276  	0.58001  	0.97068  	0.27365  	-0.3216  	-0.2645  	0.10073  	0.91934  	-0.2564  	0.01230  	0.14798  	0.59640  	-0.7756  	-0.3541  	-0.0850  	0.09950  	0.02548  	-0.4473  	0.06545  	0.08224  	0.16673  	0.17368  	0.16990  	-0.1513  	-0.0124  	0.16681  	-0.0055  	0.04827  	0.25884  	0.03355  	0.04168  	-0.0816  	0.19938  	0.07922  	-0.0190  	-0.0004  	0.00452  	-0.0619  	-0.0059  	-0.0050  	0.03240  	-0.0070  	0.04206  	0.01866  	-0.0085  	-0.0129  	0.02180  	0.03584  	-6.2800  	0.21899  	0.17035  	-0.1203  	0.00453  	0.00751  	1.29566  	1.27433  	123.652  	115.631  	
-0.5744  	0.16598  	0.33057  	-0.3051  	-0.5203  	-0.0325  	1.11455  	0.23255  	0.38653  	1.40997  	0.97809  	1.01817  	-0.1586  	-0.6946  	0.10306  	0.02923  	0.51461  	1.00891  	0.25955  	-0.2524  	-0.3039  	0.11885  	0.87938  	-0.3315  	0.04383  	0.13565  	0.56109  	-0.7603  	-0.3136  	-0.1055  	0.08445  	0.02262  	-0.4350  	0.07540  	0.03857  	0.27264  	0.12416  	0.16442  	-0.1183  	0.00966  	0.19502  	-0.0159  	0.08294  	0.26254  	0.02543  	0.03471  	-0.0765  	0.21386  	0.09266  	-0.0197  	0.01959  	0.01796  	-0.0523  	0.00326  	-0.0015  	0.03111  	-0.0136  	0.03628  	0.01405  	-0.0054  	-0.0077  	0.00130  	0.04260  	0.00529  	0.21899  	0.17035  	-0.1203  	0.00453  	0.00751  	1.29566  	1.27433  	123.652  	115.631  	
-0.4831  	0.15995  	0.46658  	-0.3206  	-0.5642  	0.01342  	1.13502  	0.26828  	0.39560  	1.45594  	1.01188  	1.02294  	-0.1502  	-0.7129  	-0.0241  	0.10772  	0.49512  	1.03154  	0.27360  	-0.2304  	-0.2822  	0.08633  	0.83334  	-0.3141  	0.05907  	0.10496  	0.61234  	-0.7202  	-0.3412  	-0.1191  	0.07175  	0.04216  	-0.4487  	0.06473  	0.06599  	0.28669  	0.12372  	0.16149  	-0.1336  	0.02172  	0.19816  	-0.0183  	0.07652  	0.25914  	0.02564  	0.02944  	-0.0867  	0.22326  	0.09932  	-0.0200  	0.02536  	0.01658  	-0.0520  	0.00101  	-0.0003  	0.03511  	-0.0082  	0.03711  	0.00978  	-0.0036  	0.00010  	0.00037  	0.04532  	0.00871  	0.21899  	0.17035  	-0.1203  	0.00453  	0.00751  	1.29566  	1.27433  	123.652  	115.631  	
-0.5065  	0.20951  	0.39481  	-0.3077  	-0.5195  	-0.0370  	1.16892  	0.26768  	0.41676  	1.49038  	0.96654  	1.00461  	-0.1160  	-0.6372  	-0.0014  	0.03614  	0.48855  	1.05103  	0.25993  	-0.1729  	-0.3682  	0.06773  	0.80862  	-0.3981  	0.10589  	0.09865  	0.54736  	-0.6394  	-0.2534  	-0.0908  	0.07552  	0.00885  	-0.4433  	0.08135  	0.02826  	0.30515  	0.07706  	0.14540  	-0.0845  	0.01591  	0.21114  	-0.0239  	0.08863  	0.24935  	0.02918  	0.03356  	-0.0794  	0.22221  	0.09470  	-0.0228  	0.01672  	0.01208  	-0.0588  	0.00489  	-0.0014  	0.03398  	-0.0139  	0.03940  	0.01222  	-0.0120  	-0.0057  	0.00829  	0.05480  	0.00252  	0.21899  	0.17035  	-0.1203  	0.00453  	0.00751  	1.29566  	1.27433  	123.652  	115.631  	
-0.7298  	0.14499  	0.18470  	-0.3836  	-0.5247  	-0.1941  	1.16302  	0.26611  	0.38525  	1.43972  	1.07498  	1.01855  	-0.0987  	-0.5706  	-0.0593  	-0.0634  	0.51172  	1.04186  	0.23221  	-0.1791  	-0.3637  	0.07780  	0.80617  	-0.3475  	0.09569  	0.13411  	0.50416  	-0.6243  	-0.2453  	-0.1213  	0.09010  	-0.0378  	-0.4333  	0.07553  	0.04323  	0.29297  	0.04326  	0.12813  	-0.0954  	0.01480  	0.19966  	-0.0160  	0.08086  	0.21767  	0.03305  	0.02964  	-0.0766  	0.21147  	0.09445  	0.00118  	0.02723  	0.00708  	-0.0595  	0.00351  	-8.4340  	0.03263  	-0.0095  	0.03359  	0.01601  	-0.0073  	-0.0082  	0.01754  	0.03785  	0.01476  	0.21899  	0.17035  	-0.1203  	0.00453  	0.00751  	1.29566  	1.27433  	123.652  	115.631  	
-0.9713  	0.10522  	0.04820  	-0.4093  	-0.4075  	-0.3950  	1.16060  	0.20368  	0.33422  	1.48492  	1.14852  	1.06079  	-0.1151  	-0.5436  	0.10022  	-0.1716  	0.50077  	0.99113  	0.19348  	-0.1943  	-0.2712  	0.00783  	0.81003  	-0.2964  	-0.0067  	0.15531  	0.50808  	-0.6695  	-0.3013  	-0.1172  	0.10564  	-0.0336  	-0.3838  	0.08467  	0.11728  	0.20232  	0.05987  	0.10438  	-0.1144  	0.03690  	0.16683  	0.02319  	-0.0004  	0.22145  	0.03330  	0.03628  	-0.0603  	0.19380  	0.08021  	-0.0212  	0.00925  	0.01744  	-0.0570  	0.01012  	-0.0115  	0.02042  	-0.0153  	0.02853  	0.01420  	-2.0563  	0.00322  	0.01650  	0.03461  	0.00213  	0.21899  	0.17035  	-0.1203  	0.00453  	0.00751  	1.29566  	1.27433  	123.652  	115.631  	
-0.7782  	0.19604  	0.11702  	-0.2215  	-0.4268  	-0.1093  	1.12180  	0.31529  	0.40432  	1.35752  	0.86041  	1.13644  	-0.0495  	-0.4340  	0.35614  	-0.0991  	0.51820  	0.98423  	0.25169  	-0.2249  	-0.3330  	0.08100  	0.85063  	-0.3678  	0.03132  	0.15881  	0.52777  	-0.6653  	-0.2766  	-0.1027  	0.10461  	-0.0542  	-0.4385  	0.09000  	0.08393  	0.19615  	0.02626  	0.12399  	-0.0796  	0.03973  	0.13393  	-0.0019  	0.06338  	0.24761  	0.03424  	0.03247  	-0.0736  	0.20761  	0.08165  	-0.0171  	0.00694  	0.01080  	-0.0687  	0.01491  	-0.0016  	0.03255  	-0.0120  	0.03867  	0.01513  	-0.0060  	-0.0107  	0.01165  	0.03805  	0.00026  	0.21899  	0.17035  	-0.1203  	0.00453  	0.00751  	1.29566  	1.27433  	123.652  	115.631  	
-0.5863  	0.23171  	0.36308  	-0.2655  	-0.5025  	0.03529  	1.13772  	0.34949  	0.44204  	1.36463  	0.86461  	1.04526  	-0.0760  	-0.4753  	0.23038  	0.00542  	0.55979  	0.99602  	0.27094  	-0.2384  	-0.2929  	0.11173  	0.87865  	-0.3967  	0.07793  	0.13030  	0.54308  	-0.7021  	-0.2766  	-0.0904  	0.08903  	-0.0045  	-0.3980  	0.08725  	0.00487  	0.16760  	0.09259  	0.16680  	-0.0855  	0.01856  	0.21316  	-0.0306  	0.09933  	0.25611  	0.03060  	0.03203  	-0.0754  	0.22230  	0.09438  	-0.0040  	-0.0012  	0.01387  	-0.0645  	0.01138  	-0.0064  	0.03181  	-0.0111  	0.03765  	0.01529  	-0.0177  	-0.0058  	0.01217  	0.03970  	0.00022  	0.21899  	0.17035  	-0.1203  	0.00453  	0.00751  	1.29566  	1.27433  	123.652  	115.631  	
-0.6320  	0.18923  	0.37849  	-0.3783  	-0.5166  	0.03898  	1.17514  	0.28425  	0.42501  	1.39368  	0.97874  	0.99175  	-0.1129  	-0.5961  	0.05095  	0.02684  	0.51413  	1.01964  	0.29385  	-0.2414  	-0.2862  	0.07821  	0.90193  	-0.3811  	0.06441  	0.13485  	0.55649  	-0.7121  	-0.2919  	-0.1117  	0.09034  	0.00593  	-0.4251  	0.09376  	0.04721  	0.20456  	0.12400  	0.18714  	-0.0916  	-0.0004  	0.24212  	-0.0327  	0.08559  	0.25459  	0.02038  	0.03042  	-0.0825  	0.22561  	0.09233  	-0.0238  	0.00591  	0.01443  	-0.0589  	0.01325  	0.00774  	0.03712  	-0.0180  	0.04464  	0.01529  	-0.0144  	0.00463  	0.00561  	0.03990  	-0.0002  	0.21899  	0.17035  	-0.1203  	0.00453  	0.00751  	1.29566  	1.27433  	123.652  	115.631  	
-0.8211  	0.15663  	0.25838  	-0.4143  	-0.5493  	-0.0513  	1.10579  	0.23988  	0.37656  	1.39938  	1.03576  	1.01733  	-0.1795  	-0.7244  	0.05160  	-0.0480  	0.50301  	0.96869  	0.29818  	-0.3026  	-0.2310  	0.11248  	0.94567  	-0.3025  	0.01026  	0.12698  	0.59916  	-0.8237  	-0.3865  	-0.1126  	0.09970  	0.00024  	-0.4238  	0.07544  	0.05974  	0.24214  	0.11972  	0.16620  	-0.1337  	-0.0086  	0.20096  	-0.0109  	0.05501  	0.26315  	0.01462  	0.03668  	-0.0834  	0.19226  	0.08546  	-0.0175  	0.01934  	0.01435  	-0.0494  	0.00671  	-0.0093  	0.02707  	-0.0071  	0.04758  	0.01350  	-0.0136  	-0.0018  	0.01262  	0.04516  	0.00341  	0.21899  	0.17035  	-0.1203  	0.00453  	0.00751  	1.29566  	1.27433  	123.652  	115.631  	
-0.7391  	0.16203  	0.31775  	-0.5379  	-0.6550  	-0.1092  	1.05654  	0.21640  	0.38497  	1.40774  	1.12872  	0.98186  	-0.1995  	-0.7002  	-0.0114  	-0.0151  	0.52822  	0.94277  	0.30002  	-0.3114  	-0.1881  	0.06632  	0.99889  	-0.3463  	-0.0178  	0.14389  	0.58582  	-0.8802  	-0.4776  	-0.1432  	0.10385  	0.02334  	-0.4296  	0.07689  	0.06618  	0.23110  	0.20509  	0.20359  	-0.1731  	-0.0567  	0.21282  	-0.0216  	0.07155  	0.24202  	0.02182  	0.03425  	-0.0740  	0.20544  	0.07938  	-0.0051  	0.01139  	0.01546  	-0.0502  	0.01427  	-0.0123  	0.03422  	-0.0244  	0.04147  	0.01475  	-0.0174  	-6.5490  	0.01155  	0.04202  	3.75211  	0.21899  	0.17035  	-0.1203  	0.00453  	0.00751  	1.29566  	1.27433  	123.652  	115.631  	
