0.12431  	0.12366  	-0.3132  	0.71686  	0.27784  	0.56896  	0.18065  	0.57586  	0.52156  	0.19421  	0.80098  	0.75915  	-0.4350  	-0.4485  	-0.0170  	-0.1770  	0.71995  	0.25733  	0.80782  	0.26625  	0.82514  	0.71255  	0.62349  	0.30287  	0.33714  	0.15741  	0.33898  	-0.7454  	-0.4820  	-0.2888  	-0.2470  	-0.0707  	0.19308  	-0.0783  	0.20592  	-0.3896  	0.32490  	0.08922  	0.04236  	-0.2062  	-0.3248  	-0.0927  	0.05069  	0.00023  	0.00914  	0.02893  	-0.0010  	0.02179  	0.02373  	-0.0847  	-0.0720  	-0.0185  	-0.0246  	-0.0303  	0.00407  	0.06123  	0.00864  	0.02604  	-0.0177  	-0.0196  	-0.0174  	0.01803  	0.07876  	-0.0008  	0.01769  	0.04875  	-0.0764  	0.01313  	0.04579  	0.85449  	1.11780  	125.760  	104.299  	
0.12431  	0.12366  	-0.3132  	0.71686  	0.27784  	0.56896  	0.18065  	0.57586  	0.52156  	0.19421  	0.80098  	0.75915  	-0.4350  	-0.4485  	-0.0170  	-0.1770  	0.71995  	0.25733  	0.80782  	0.26625  	0.82514  	0.71255  	0.62349  	0.30287  	0.33714  	0.15741  	0.33898  	-0.7454  	-0.4820  	-0.2888  	-0.2470  	-0.0707  	0.19308  	-0.0783  	0.20592  	-0.3896  	0.32490  	0.08922  	0.04236  	-0.2062  	-0.3248  	-0.0927  	0.05069  	0.00023  	0.00914  	0.02893  	-0.0010  	0.02179  	0.02373  	-0.0847  	-0.0720  	-0.0185  	-0.0246  	-0.0303  	0.00407  	0.06123  	0.00864  	0.02604  	-0.0177  	-0.0196  	-0.0174  	0.01803  	0.07876  	-0.0008  	0.01769  	0.04875  	-0.0764  	0.01313  	0.04579  	0.85449  	1.11780  	125.760  	104.299  	
0.12431  	0.12366  	-0.3132  	0.71686  	0.27784  	0.56896  	0.18065  	0.57586  	0.52156  	0.19421  	0.80098  	0.75915  	-0.4350  	-0.4485  	-0.0170  	-0.1770  	0.71995  	0.25733  	0.80782  	0.26625  	0.82514  	0.71255  	0.62349  	0.30287  	0.33714  	0.15741  	0.33898  	-0.7454  	-0.4820  	-0.2888  	-0.2470  	-0.0707  	0.19308  	-0.0783  	0.20592  	-0.3896  	0.32490  	0.08922  	0.04236  	-0.2062  	-0.3248  	-0.0927  	0.05069  	0.00023  	0.00914  	0.02893  	-0.0010  	0.02179  	0.02373  	-0.0847  	-0.0720  	-0.0185  	-0.0246  	-0.0303  	0.00407  	0.06123  	0.00864  	0.02604  	-0.0177  	-0.0196  	-0.0174  	0.01803  	0.07876  	-0.0008  	0.01769  	0.04875  	-0.0764  	0.01313  	0.04579  	0.85449  	1.11780  	125.760  	104.299  	
0.12431  	0.12366  	-0.3132  	0.71686  	0.27784  	0.56896  	0.18065  	0.57586  	0.52156  	0.19421  	0.80098  	0.75915  	-0.4350  	-0.4485  	-0.0170  	-0.1770  	0.71995  	0.25733  	0.80782  	0.26625  	0.82514  	0.71255  	0.62349  	0.30287  	0.33714  	0.15741  	0.33898  	-0.7454  	-0.4820  	-0.2888  	-0.2470  	-0.0707  	0.19308  	-0.0783  	0.20592  	-0.3896  	0.32490  	0.08922  	0.04236  	-0.2062  	-0.3248  	-0.0927  	0.05069  	0.00023  	0.00914  	0.02893  	-0.0010  	0.02179  	0.02373  	-0.0847  	-0.0720  	-0.0185  	-0.0246  	-0.0303  	0.00407  	0.06123  	0.00864  	0.02604  	-0.0177  	-0.0196  	-0.0174  	0.01803  	0.07876  	-0.0008  	0.01769  	0.04875  	-0.0764  	0.01313  	0.04579  	0.85449  	1.11780  	125.760  	104.299  	
0.12431  	0.12366  	-0.3132  	0.71686  	0.27784  	0.56896  	0.18065  	0.57586  	0.52156  	0.19421  	0.80098  	0.75915  	-0.4350  	-0.4485  	-0.0170  	-0.1770  	0.71995  	0.25733  	0.80782  	0.26625  	0.82514  	0.71255  	0.62349  	0.30287  	0.33714  	0.15741  	0.33898  	-0.7454  	-0.4820  	-0.2888  	-0.2470  	-0.0707  	0.19308  	-0.0783  	0.20592  	-0.3896  	0.32490  	0.08922  	0.04236  	-0.2062  	-0.3248  	-0.0927  	0.05069  	0.00023  	0.00914  	0.02893  	-0.0010  	0.02179  	0.02373  	-0.0847  	-0.0720  	-0.0185  	-0.0246  	-0.0303  	0.00407  	0.06123  	0.00864  	0.02604  	-0.0177  	-0.0196  	-0.0174  	0.01803  	0.07876  	-0.0008  	0.01769  	0.04875  	-0.0764  	0.01313  	0.04579  	0.85449  	1.11780  	125.760  	104.299  	
0.12431  	0.12366  	-0.3132  	0.71686  	0.27784  	0.56896  	0.18065  	0.57586  	0.52156  	0.19421  	0.80098  	0.75915  	-0.4350  	-0.4485  	-0.0170  	-0.1770  	0.71995  	0.25733  	0.80782  	0.26625  	0.82514  	0.71255  	0.62349  	0.30287  	0.33714  	0.15741  	0.33898  	-0.7454  	-0.4820  	-0.2888  	-0.2470  	-0.0707  	0.19308  	-0.0783  	0.20592  	-0.3896  	0.32490  	0.08922  	0.04236  	-0.2062  	-0.3248  	-0.0927  	0.05069  	0.00023  	0.00914  	0.02893  	-0.0010  	0.02179  	0.02373  	-0.0847  	-0.0720  	-0.0185  	-0.0246  	-0.0303  	0.00407  	0.06123  	0.00864  	0.02604  	-0.0177  	-0.0196  	-0.0174  	0.01803  	0.07876  	-0.0008  	0.01769  	0.04875  	-0.0764  	0.01313  	0.04579  	0.85449  	1.11780  	125.760  	104.299  	
0.12431  	0.12366  	-0.3132  	0.71686  	0.27784  	0.56896  	0.18065  	0.57586  	0.52156  	0.19421  	0.80098  	0.75915  	-0.4350  	-0.4485  	-0.0170  	-0.1770  	0.71995  	0.25733  	0.80782  	0.26625  	0.82514  	0.71255  	0.62349  	0.30287  	0.33714  	0.15741  	0.33898  	-0.7454  	-0.4820  	-0.2888  	-0.2470  	-0.0707  	0.19308  	-0.0783  	0.20592  	-0.3896  	0.32490  	0.08922  	0.04236  	-0.2062  	-0.3248  	-0.0927  	0.05069  	0.00023  	0.00914  	0.02893  	-0.0010  	0.02179  	0.02373  	-0.0847  	-0.0720  	-0.0185  	-0.0246  	-0.0303  	0.00407  	0.06123  	0.00864  	0.02604  	-0.0177  	-0.0196  	-0.0174  	0.01803  	0.07876  	-0.0008  	0.01769  	0.04875  	-0.0764  	0.01313  	0.04579  	0.85449  	1.11780  	125.760  	104.299  	
0.12431  	0.12366  	-0.3132  	0.71686  	0.27784  	0.56896  	0.18065  	0.57586  	0.52156  	0.19421  	0.80098  	0.75915  	-0.4350  	-0.4485  	-0.0170  	-0.1770  	0.71995  	0.25733  	0.80782  	0.26625  	0.82514  	0.71255  	0.62349  	0.30287  	0.33714  	0.15741  	0.33898  	-0.7454  	-0.4820  	-0.2888  	-0.2470  	-0.0707  	0.19308  	-0.0783  	0.20592  	-0.3896  	0.32490  	0.08922  	0.04236  	-0.2062  	-0.3248  	-0.0927  	0.05069  	0.00023  	0.00914  	0.02893  	-0.0010  	0.02179  	0.02373  	-0.0847  	-0.0720  	-0.0185  	-0.0246  	-0.0303  	0.00407  	0.06123  	0.00864  	0.02604  	-0.0177  	-0.0196  	-0.0174  	0.01803  	0.07876  	-0.0008  	0.01769  	0.04875  	-0.0764  	0.01313  	0.04579  	0.85449  	1.11780  	125.760  	104.299  	
0.12431  	0.12366  	-0.3132  	0.71686  	0.27784  	0.56896  	0.18065  	0.57586  	0.52156  	0.19421  	0.80098  	0.75915  	-0.4350  	-0.4485  	-0.0170  	-0.1770  	0.71995  	0.25733  	0.80782  	0.26625  	0.82514  	0.71255  	0.62349  	0.30287  	0.33714  	0.15741  	0.33898  	-0.7454  	-0.4820  	-0.2888  	-0.2470  	-0.0707  	0.19308  	-0.0783  	0.20592  	-0.3896  	0.32490  	0.08922  	0.04236  	-0.2062  	-0.3248  	-0.0927  	0.05069  	0.00023  	0.00914  	0.02893  	-0.0010  	0.02179  	0.02373  	-0.0847  	-0.0720  	-0.0185  	-0.0246  	-0.0303  	0.00407  	0.06123  	0.00864  	0.02604  	-0.0177  	-0.0196  	-0.0174  	0.01803  	0.07876  	-0.0008  	0.01769  	0.04875  	-0.0764  	0.01313  	0.04579  	0.85449  	1.11780  	125.760  	104.299  	
0.12355  	0.12345  	-0.3064  	0.71388  	0.27588  	0.56665  	0.18187  	0.57737  	0.51991  	0.19692  	0.80677  	0.75720  	-0.4380  	-0.4488  	-0.0243  	-0.1757  	0.71788  	0.26073  	0.80822  	0.26812  	0.82707  	0.71118  	0.62351  	0.30187  	0.33693  	0.15693  	0.33885  	-0.7418  	-0.4807  	-0.2910  	-0.2486  	-0.0697  	0.19448  	-0.0783  	0.20385  	-0.3883  	0.32714  	0.08968  	0.04204  	-0.2065  	-0.3238  	-0.0930  	0.05106  	0.00097  	0.00936  	0.02860  	-0.0010  	0.02270  	0.02358  	-0.0845  	-0.0722  	-0.0186  	-0.0243  	-0.0302  	0.00460  	0.06129  	0.00896  	0.02566  	-0.0175  	-0.0194  	-0.0169  	0.01751  	0.07859  	-0.0011  	0.01769  	0.04875  	-0.0764  	0.01313  	0.04579  	0.85449  	1.11780  	125.760  	104.299  	
0.09512  	0.06822  	-0.4133  	0.88875  	0.45390  	0.51949  	0.20536  	0.52973  	0.48720  	0.27486  	0.60231  	0.81440  	-0.3400  	-0.3693  	-0.0196  	-0.1746  	0.66807  	0.33036  	0.81405  	0.37455  	0.63026  	0.69299  	0.47125  	0.20198  	0.44801  	0.13475  	0.25285  	-0.5158  	-0.2292  	-0.2278  	-0.2795  	-0.1098  	0.18962  	-0.0715  	0.12821  	-0.3167  	0.13881  	0.02214  	0.12098  	-0.1446  	-0.3097  	-0.0813  	0.04434  	0.00795  	0.01816  	0.02776  	-0.0019  	0.03700  	0.02351  	-0.0904  	-0.0616  	-0.0217  	-0.0310  	-0.0385  	0.00729  	0.05268  	0.01220  	0.02373  	-0.0169  	-0.0274  	-0.0199  	0.00980  	0.07755  	-0.0027  	0.01769  	0.04875  	-0.0764  	0.01313  	0.04579  	0.85449  	1.11780  	125.760  	104.299  	
-0.0528  	0.05127  	-0.5807  	1.01800  	0.57977  	0.41512  	0.20543  	0.43397  	0.44112  	0.29076  	0.46278  	0.79840  	-0.2975  	-0.3261  	0.04628  	-0.2690  	0.64204  	0.35824  	0.76492  	0.47826  	0.46711  	0.69166  	0.31018  	0.17397  	0.53703  	0.14810  	0.20114  	-0.3694  	-0.0815  	-0.1627  	-0.2828  	-0.1373  	0.18596  	-0.0595  	0.10875  	-0.2651  	0.03083  	-0.0403  	0.17460  	-0.1039  	-0.3221  	-0.0554  	0.02748  	-0.0055  	0.02933  	0.03324  	-0.0033  	0.02651  	0.02554  	-0.0997  	-0.0505  	-0.0223  	-0.0322  	-0.0420  	0.00491  	0.05613  	0.01530  	0.02192  	-0.0083  	-0.0275  	-0.0174  	0.01442  	0.06749  	-0.0080  	0.01769  	0.04875  	-0.0764  	0.01313  	0.04579  	0.85449  	1.11780  	125.760  	104.299  	
-0.0639  	0.05829  	-0.6935  	1.50525  	0.90565  	0.48003  	0.23903  	0.48024  	0.43987  	0.19962  	0.30103  	0.83704  	-0.2404  	-0.0463  	0.36645  	-0.3840  	0.64385  	0.28322  	0.73704  	0.46790  	0.36147  	0.75204  	0.22254  	0.25949  	0.65140  	0.13549  	0.30880  	-0.3042  	-0.0215  	-0.0807  	-0.3439  	-0.1489  	0.15898  	-0.0299  	0.21107  	-0.2554  	-0.0463  	-0.0736  	0.19155  	-0.0351  	-0.4306  	-0.0268  	-0.0004  	-0.0294  	0.02928  	0.02823  	-0.0047  	0.01782  	0.02562  	-0.0900  	-0.0513  	-0.0277  	-0.0336  	-0.0432  	-0.0010  	0.06296  	0.03660  	0.02149  	-0.0090  	-0.0256  	-0.0301  	0.01395  	0.07022  	-0.0220  	0.01769  	0.04875  	-0.0764  	0.01313  	0.04579  	0.85449  	1.11780  	125.760  	104.299  	
-0.0761  	0.04421  	-0.7402  	1.51538  	0.91105  	0.45932  	0.19285  	0.48308  	0.44071  	0.23814  	0.23638  	0.86431  	-0.2255  	-0.1234  	0.36410  	-0.3810  	0.65074  	0.30172  	0.75100  	0.47930  	0.33332  	0.76976  	0.25042  	0.22391  	0.59337  	0.17333  	0.20365  	-0.3033  	-0.0099  	-0.0976  	-0.3096  	-0.1576  	0.19242  	-0.0170  	0.17634  	-0.2793  	-0.0823  	-0.0769  	0.22517  	-0.0392  	-0.4226  	-0.0412  	0.01593  	-0.0206  	0.01888  	0.03704  	-0.0003  	0.02318  	0.02891  	-0.0925  	-0.0517  	-0.0261  	-0.0394  	-0.0477  	0.00096  	0.05866  	0.01896  	0.02074  	-0.0124  	-0.0281  	-0.0239  	0.01776  	0.06437  	-0.0255  	0.01769  	0.04875  	-0.0764  	0.01313  	0.04579  	0.85449  	1.11780  	125.760  	104.299  	
-0.1711  	-0.0248  	-0.6180  	1.03593  	0.66800  	0.27087  	0.23547  	0.39990  	0.41826  	0.31802  	0.44065  	0.83934  	-0.3361  	-0.3729  	0.01276  	-0.2746  	0.63904  	0.35128  	0.77532  	0.45640  	0.45452  	0.73001  	0.29971  	0.22738  	0.54605  	0.14204  	0.26617  	-0.3698  	-0.0750  	-0.1807  	-0.2925  	-0.1525  	0.17945  	-0.0404  	0.13653  	-0.2663  	0.01847  	-0.0666  	0.15412  	-0.0242  	-0.4094  	-0.0479  	-0.0101  	0.00640  	0.03112  	0.02064  	-0.0011  	0.03329  	0.03047  	-0.1032  	-0.0599  	-0.0326  	-0.0345  	-0.0396  	0.00473  	0.05621  	0.02596  	0.01888  	-0.0066  	-0.0249  	-0.0302  	0.01788  	0.06899  	0.00691  	0.01769  	0.04875  	-0.0764  	0.01313  	0.04579  	0.85449  	1.11780  	125.760  	104.299  	
-0.3261  	-0.0847  	-0.5921  	0.58374  	0.39599  	0.23754  	0.23880  	0.32323  	0.41198  	0.36329  	0.71366  	0.73538  	-0.4920  	-0.7338  	-0.2286  	-0.2754  	0.70707  	0.41990  	0.79459  	0.45075  	0.54500  	0.67436  	0.42702  	0.24981  	0.43906  	0.15326  	0.20782  	-0.4473  	-0.2171  	-0.2623  	-0.2451  	-0.1186  	0.14514  	-0.0641  	0.09336  	-0.2359  	0.11491  	-0.0148  	0.09066  	-0.0718  	-0.3133  	-0.0689  	-0.0047  	-0.0187  	0.02181  	0.02800  	0.00136  	0.01803  	0.01476  	-0.0875  	-0.0580  	-0.0228  	-0.0343  	-0.0364  	0.00364  	0.04654  	0.02713  	0.02012  	-0.0117  	-0.0247  	-0.0204  	0.01809  	0.06918  	-0.0030  	0.01769  	0.04875  	-0.0764  	0.01313  	0.04579  	0.85449  	1.11780  	125.760  	104.299  	
-0.2328  	-0.0544  	-0.6394  	0.82023  	0.48909  	0.34993  	0.17971  	0.37892  	0.38717  	0.23940  	0.58809  	0.71711  	-0.4827  	-0.6933  	-0.1210  	-0.2764  	0.70503  	0.41020  	0.80260  	0.44467  	0.49439  	0.70529  	0.46740  	0.21255  	0.50522  	0.16731  	0.24289  	-0.3939  	-0.1530  	-0.2143  	-0.2712  	-0.1325  	0.12880  	-0.0650  	0.07646  	-0.2549  	0.04646  	-0.0266  	0.12348  	-0.1205  	-0.3309  	-0.0711  	0.02005  	-0.0092  	0.03122  	0.02434  	0.00469  	0.01534  	0.02047  	-0.1023  	-0.0510  	-0.0225  	-0.0284  	-0.0466  	0.00412  	0.05390  	0.02759  	0.01870  	-0.0092  	-0.0203  	-0.0290  	0.00260  	0.08045  	-0.0051  	0.01769  	0.04875  	-0.0764  	0.01313  	0.04579  	0.85449  	1.11780  	125.760  	104.299  	
-0.1007  	0.02307  	-0.5517  	0.99191  	0.49312  	0.48603  	0.13105  	0.43820  	0.37758  	0.16214  	0.45024  	0.72753  	-0.3809  	-0.6481  	0.09501  	-0.3677  	0.81803  	0.19378  	0.87138  	0.15242  	0.58427  	0.46920  	0.18667  	0.19434  	0.49124  	0.26840  	0.25007  	-0.4675  	-0.0400  	-0.2036  	-0.1653  	-0.1615  	0.02971  	-0.2324  	0.01584  	-0.2715  	-0.0380  	-0.0252  	0.04674  	-0.1689  	-0.2625  	0.04146  	-0.0844  	0.09098  	-0.0479  	0.04129  	-0.0268  	0.03349  	0.00934  	-0.1043  	-0.0350  	-0.0260  	-0.0294  	-0.0239  	0.01378  	0.05388  	0.02451  	0.01352  	-0.0013  	-0.0129  	-0.0318  	0.01132  	0.06667  	-0.0031  	0.01769  	0.04875  	-0.0764  	0.01313  	0.04579  	0.85449  	1.11780  	125.760  	104.299  	
-0.0368  	0.02928  	-0.4026  	0.92477  	0.48213  	0.41463  	0.13707  	0.47179  	0.36908  	0.26103  	0.55430  	0.75537  	-0.3832  	-0.7735  	-0.0860  	-0.2896  	0.81581  	0.11369  	0.94182  	-0.0247  	0.58813  	0.28282  	-0.0565  	0.21593  	0.41461  	0.33215  	0.19011  	-0.5687  	0.03470  	-0.2505  	-0.0752  	-0.2024  	-0.0390  	-0.3614  	-0.0396  	-0.2399  	-0.1014  	-0.0244  	-0.0459  	-0.2158  	-0.1780  	0.15608  	-0.1752  	0.16131  	-0.0948  	0.06551  	-0.0511  	0.05405  	-0.0063  	-0.1184  	-0.0338  	-0.0174  	-0.0280  	-0.0104  	0.02084  	0.05144  	0.02611  	0.00660  	-0.0077  	-0.0066  	-0.0220  	-0.0012  	0.05120  	-0.0037  	0.01769  	0.04875  	-0.0764  	0.01313  	0.04579  	0.85449  	1.11780  	125.760  	104.299  	
-0.0154  	-0.0040  	-0.3694  	0.92576  	0.48107  	0.36212  	0.14580  	0.45945  	0.32576  	0.33854  	0.61192  	0.77846  	-0.3733  	-0.8625  	-0.2322  	-0.2643  	0.82667  	0.09367  	0.98705  	-0.0577  	0.49103  	0.25095  	-0.1836  	0.20711  	0.44459  	0.32308  	0.24486  	-0.5107  	0.09727  	-0.2415  	-0.0683  	-0.1965  	-0.0741  	-0.4009  	-0.0853  	-0.1568  	-0.1494  	-0.0360  	-0.0627  	-0.2340  	-0.1318  	0.18453  	-0.2011  	0.16681  	-0.1009  	0.06790  	-0.0611  	0.08585  	0.00571  	-0.1232  	-0.0343  	-0.0193  	-0.0213  	-0.0081  	0.02299  	0.05540  	0.02760  	0.00618  	-0.0036  	0.00195  	-0.0190  	-0.0067  	0.04891  	-0.0018  	0.01769  	0.04875  	-0.0764  	0.01313  	0.04579  	0.85449  	1.11780  	125.760  	104.299  	
-0.1019  	0.01646  	-0.4629  	0.80011  	0.47170  	0.30934  	0.16727  	0.37339  	0.35576  	0.34972  	0.57681  	0.73275  	-0.3980  	-0.8723  	-0.2601  	-0.3124  	0.81911  	0.13901  	0.93641  	0.02584  	0.44760  	0.27771  	-0.1505  	0.16993  	0.47525  	0.31981  	0.19527  	-0.4307  	0.12413  	-0.2127  	-0.0789  	-0.1860  	-0.0491  	-0.3460  	-0.0863  	-0.1376  	-0.1618  	-0.0354  	-0.0334  	-0.2246  	-0.1356  	0.14946  	-0.1615  	0.15448  	-0.0866  	0.06546  	-0.0576  	0.07358  	0.00786  	-0.1248  	-0.0282  	-0.0142  	-0.0302  	-0.0143  	0.02671  	0.05439  	0.02644  	0.00865  	-0.0053  	-0.0111  	-0.0254  	-0.0133  	0.04880  	-0.0075  	0.01769  	0.04875  	-0.0764  	0.01313  	0.04579  	0.85449  	1.11780  	125.760  	104.299  	
-0.0772  	-0.0227  	-0.6532  	1.07263  	0.59382  	0.38987  	0.18242  	0.36236  	0.33420  	0.29045  	0.57106  	0.77027  	-0.3516  	-0.6145  	-0.1294  	-0.3421  	0.73544  	0.15883  	0.82252  	0.23563  	0.47807  	0.50388  	0.02368  	0.27104  	0.56616  	0.26280  	0.24517  	-0.3997  	0.00938  	-0.1661  	-0.1833  	-0.1671  	0.03969  	-0.2278  	0.06155  	-0.1638  	-0.1054  	-0.0837  	0.06328  	-0.1488  	-0.2726  	0.09813  	-0.0984  	0.09329  	-0.0213  	0.05338  	-0.0352  	0.03389  	0.01511  	-0.1011  	-0.0224  	-0.0216  	-0.0183  	-0.0291  	0.00773  	0.05557  	0.03132  	0.01729  	-0.0080  	-0.0155  	-0.0311  	-0.0071  	0.04757  	-0.0007  	0.01769  	0.04875  	-0.0764  	0.01313  	0.04579  	0.85449  	1.11780  	125.760  	104.299  	
0.01132  	0.03869  	-0.5997  	1.11155  	0.68785  	0.51990  	0.18267  	0.42301  	0.39983  	0.22613  	0.27904  	0.75893  	-0.2674  	-0.2935  	0.30409  	-0.4755  	0.68578  	0.24993  	0.76980  	0.38911  	0.43182  	0.75902  	0.38141  	0.27129  	0.53382  	0.15104  	0.34250  	-0.3806  	-0.1449  	-0.1569  	-0.3163  	-0.1309  	0.15350  	-0.0478  	0.15441  	-0.2516  	0.03364  	-0.0532  	0.16450  	-0.0329  	-0.4241  	-0.0458  	0.01653  	-0.0009  	0.03341  	0.02574  	-0.0053  	0.01445  	0.03199  	-0.0805  	-0.0521  	-0.0328  	-0.0388  	-0.0512  	0.01307  	0.05574  	0.03563  	0.02178  	-0.0060  	-0.0138  	-0.0368  	0.00240  	0.07075  	-0.0125  	0.01769  	0.04875  	-0.0764  	0.01313  	0.04579  	0.85449  	1.11780  	125.760  	104.299  	
0.15920  	0.09498  	-0.4425  	0.99372  	0.53780  	0.62771  	0.22240  	0.43618  	0.41759  	0.32916  	0.27970  	0.57557  	-0.2738  	-0.2516  	0.27742  	-0.4182  	0.67898  	0.29236  	0.76304  	0.26865  	0.47791  	0.81467  	0.46439  	0.23602  	0.57357  	0.13010  	0.33422  	-0.5349  	-0.1030  	-0.1569  	-0.2624  	-0.1383  	0.15496  	-0.0538  	0.12925  	-0.2770  	0.02922  	-0.0538  	0.18056  	-0.0499  	-0.3627  	-0.0632  	0.02153  	0.01048  	0.01733  	0.02070  	-0.0154  	0.04033  	0.04468  	-0.0902  	-0.0451  	-0.0226  	-0.0274  	-0.0471  	0.00858  	0.06951  	0.01450  	0.01724  	-0.0099  	-0.0167  	-0.0247  	0.01687  	0.06950  	-0.0051  	0.01769  	0.04875  	-0.0764  	0.01313  	0.04579  	0.85449  	1.11780  	125.760  	104.299  	
0.17204  	0.09725  	-0.4316  	0.98765  	0.50528  	0.66138  	0.24238  	0.51193  	0.43667  	0.23351  	0.31015  	0.55568  	-0.2760  	-0.3130  	0.19879  	-0.3625  	0.72795  	0.26014  	0.79703  	0.24231  	0.56695  	0.84231  	0.49971  	0.26426  	0.62605  	0.15569  	0.40382  	-0.6187  	-0.1534  	-0.1633  	-0.2556  	-0.1457  	0.13548  	-0.0635  	0.10455  	-0.3112  	0.11938  	-0.0284  	0.16571  	-0.0911  	-0.3741  	-0.0567  	0.03084  	0.02308  	0.00575  	0.02850  	-0.0151  	0.05164  	0.04485  	-0.0794  	-0.0482  	-0.0250  	-0.0302  	-0.0426  	0.00773  	0.06634  	0.01072  	0.01950  	-0.0094  	-0.0148  	-0.0264  	0.01428  	0.07253  	-0.0060  	0.01769  	0.04875  	-0.0764  	0.01313  	0.04579  	0.85449  	1.11780  	125.760  	104.299  	
0.04766  	0.07205  	-0.5835  	1.21323  	0.64269  	0.51577  	0.25708  	0.45870  	0.42599  	0.27656  	0.23137  	0.66130  	-0.2977  	-0.2051  	0.32054  	-0.4512  	0.69116  	0.29111  	0.75056  	0.36012  	0.45155  	0.83171  	0.40895  	0.23972  	0.68087  	0.14003  	0.36651  	-0.4615  	-0.0483  	-0.1181  	-0.2774  	-0.1488  	0.15195  	-0.0315  	0.10690  	-0.2895  	0.02231  	-0.0696  	0.21039  	-0.0548  	-0.4218  	-0.0490  	0.00539  	0.00251  	0.03012  	0.03298  	-0.0090  	0.03483  	0.03057  	-0.0877  	-0.0450  	-0.0260  	-0.0407  	-0.0432  	0.00347  	0.05864  	0.02062  	0.02291  	-0.0101  	-0.0260  	-0.0245  	0.01230  	0.06728  	-0.0028  	0.01769  	0.04875  	-0.0764  	0.01313  	0.04579  	0.85449  	1.11780  	125.760  	104.299  	
-0.0856  	0.00868  	-0.6932  	1.11709  	0.69340  	0.36468  	0.23323  	0.43418  	0.39989  	0.22553  	0.32057  	0.75149  	-0.2963  	-0.3905  	0.16525  	-0.3586  	0.68843  	0.31644  	0.77206  	0.39440  	0.39010  	0.75208  	0.34852  	0.21383  	0.58130  	0.16398  	0.31533  	-0.3690  	-0.0386  	-0.1437  	-0.2887  	-0.1618  	0.15334  	-0.0333  	0.13952  	-0.2677  	-0.0211  	-0.0740  	0.20428  	-0.0493  	-0.3915  	-0.0494  	0.01145  	-0.0032  	0.02565  	0.02985  	-0.0050  	0.03181  	0.03434  	-0.1030  	-0.0440  	-0.0304  	-0.0333  	-0.0439  	0.00930  	0.06710  	0.02934  	0.01599  	0.00143  	-0.0284  	-0.0225  	0.01555  	0.05701  	-0.0126  	0.01769  	0.04875  	-0.0764  	0.01313  	0.04579  	0.85449  	1.11780  	125.760  	104.299  	
-0.2863  	-0.0536  	-0.5788  	0.66671  	0.44789  	0.32695  	0.22957  	0.36090  	0.39383  	0.29932  	0.60266  	0.69993  	-0.4600  	-0.6506  	-0.1738  	-0.2826  	0.67611  	0.42873  	0.79589  	0.43382  	0.47625  	0.69306  	0.43101  	0.23260  	0.42282  	0.17040  	0.17691  	-0.3802  	-0.1149  	-0.2563  	-0.2441  	-0.1349  	0.15544  	-0.0730  	0.03047  	-0.2348  	0.05200  	-0.0422  	0.11940  	-0.0823  	-0.3278  	-0.0695  	0.03381  	0.00674  	0.03060  	0.02351  	0.00299  	0.00614  	0.01906  	-0.0923  	-0.0580  	-0.0293  	-0.0323  	-0.0435  	0.00873  	0.04589  	0.02912  	0.01869  	-0.0032  	-0.0156  	-0.0303  	0.01378  	0.07448  	-0.0029  	0.01769  	0.04875  	-0.0764  	0.01313  	0.04579  	0.85449  	1.11780  	125.760  	104.299  	
-0.2955  	-0.0708  	-0.6036  	0.74335  	0.44604  	0.35760  	0.18962  	0.30912  	0.37972  	0.29529  	0.56432  	0.68062  	-0.4656  	-0.7931  	-0.2780  	-0.2968  	0.66639  	0.44486  	0.80311  	0.47759  	0.34411  	0.67831  	0.39076  	0.16812  	0.51710  	0.15585  	0.17787  	-0.3076  	-0.0187  	-0.2217  	-0.2661  	-0.1410  	0.13056  	-0.0543  	-0.0162  	-0.1863  	-0.0210  	-0.0425  	0.17867  	-0.0615  	-0.2681  	-0.0976  	0.04111  	0.01622  	0.03378  	0.01603  	0.00034  	0.02027  	0.02061  	-0.0994  	-0.0490  	-0.0237  	-0.0288  	-0.0484  	0.00520  	0.04436  	0.03444  	0.02840  	-0.0015  	-0.0155  	-0.0288  	-0.0006  	0.08333  	0.00144  	0.01769  	0.04875  	-0.0764  	0.01313  	0.04579  	0.85449  	1.11780  	125.760  	104.299  	
-0.1327  	-0.0006  	-0.6078  	0.99908  	0.59565  	0.48728  	0.17788  	0.35526  	0.39344  	0.28668  	0.42723  	0.79561  	-0.4191  	-0.6114  	-0.0767  	-0.2955  	0.66005  	0.37898  	0.76121  	0.48711  	0.35235  	0.71423  	0.35307  	0.16245  	0.54336  	0.16272  	0.18466  	-0.2556  	-0.0328  	-0.1800  	-0.2912  	-0.1285  	0.14656  	-0.0418  	0.03451  	-0.2005  	-0.0514  	-0.0495  	0.19457  	-0.0576  	-0.3068  	-0.0793  	0.04887  	0.01050  	0.02280  	0.03046  	-0.0016  	0.02913  	0.02553  	-0.1012  	-0.0404  	-0.0271  	-0.0312  	-0.0430  	0.00157  	0.04950  	0.03660  	0.02689  	-0.0045  	-0.0210  	-0.0281  	0.00585  	0.08002  	-0.0024  	0.01769  	0.04875  	-0.0764  	0.01313  	0.04579  	0.85449  	1.11780  	125.760  	104.299  	
-0.0924  	0.04106  	-0.6432  	1.15356  	0.67253  	0.53856  	0.20107  	0.40103  	0.40698  	0.24505  	0.35244  	0.83805  	-0.3588  	-0.4464  	0.09962  	-0.2876  	0.67492  	0.37092  	0.79041  	0.47363  	0.40890  	0.73185  	0.37049  	0.13379  	0.55973  	0.16494  	0.17052  	-0.2083  	0.00749  	-0.1237  	-0.2775  	-0.1487  	0.16076  	-0.0302  	0.03664  	-0.2403  	-0.0639  	-0.0595  	0.22809  	-0.0518  	-0.3513  	-0.0814  	0.04599  	-0.0056  	0.02807  	0.02645  	-0.0040  	0.02580  	0.01936  	-0.0966  	-0.0529  	-0.0294  	-0.0282  	-0.0478  	0.00235  	0.05179  	0.03438  	0.02362  	-0.0074  	-0.0257  	-0.0318  	0.00971  	0.07825  	0.00392  	0.01769  	0.04875  	-0.0764  	0.01313  	0.04579  	0.85449  	1.11780  	125.760  	104.299  	
-0.0859  	0.05112  	-0.6054  	1.10532  	0.62351  	0.56060  	0.18623  	0.39377  	0.42407  	0.24153  	0.35428  	0.81807  	-0.3434  	-0.4543  	0.08367  	-0.2979  	0.69073  	0.37404  	0.78534  	0.46998  	0.41003  	0.74939  	0.38056  	0.14443  	0.58718  	0.16196  	0.16857  	-0.2364  	4.04790  	-0.1261  	-0.2833  	-0.1560  	0.17416  	-0.0374  	0.02903  	-0.2489  	-0.0312  	-0.0579  	0.22557  	-0.0706  	-0.3482  	-0.0776  	0.03622  	-0.0057  	0.02493  	0.02733  	-0.0054  	0.03375  	0.02192  	-0.0953  	-0.0464  	-0.0314  	-0.0304  	-0.0440  	0.00464  	0.05785  	0.03621  	0.02482  	-0.0097  	-0.0234  	-0.0322  	0.00552  	0.07158  	-0.0005  	0.01769  	0.04875  	-0.0764  	0.01313  	0.04579  	0.85449  	1.11780  	125.760  	104.299  	
-0.2145  	0.02776  	-0.5984  	0.81569  	0.49751  	0.41111  	0.22479  	0.37323  	0.40149  	0.28094  	0.52276  	0.79285  	-0.4249  	-0.6400  	-0.0915  	-0.2821  	0.68311  	0.43819  	0.80806  	0.42507  	0.46044  	0.71753  	0.44039  	0.19427  	0.47549  	0.17225  	0.17368  	-0.3421  	-0.0708  	-0.2401  	-0.2780  	-0.1428  	0.16835  	-0.0504  	0.02513  	-0.2384  	0.01356  	-0.0256  	0.16295  	-0.0529  	-0.3045  	-0.0867  	0.05200  	0.01090  	0.01717  	0.03023  	-0.0069  	0.01726  	0.02335  	-0.0900  	-0.0510  	-0.0268  	-0.0299  	-0.0386  	0.00811  	0.04943  	0.02712  	0.02511  	-0.0034  	-0.0215  	-0.0213  	0.00260  	0.07144  	-0.0030  	0.01769  	0.04875  	-0.0764  	0.01313  	0.04579  	0.85449  	1.11780  	125.760  	104.299  	
-0.4099  	-0.0886  	-0.6055  	0.46957  	0.26736  	0.31718  	0.20520  	0.30023  	0.37515  	0.31230  	0.69097  	0.65306  	-0.5268  	-0.8736  	-0.3272  	-0.3315  	0.68869  	0.42974  	0.80737  	0.43128  	0.43876  	0.70395  	0.52594  	0.15173  	0.43364  	0.19748  	0.14318  	-0.3955  	-0.1027  	-0.2759  	-0.2402  	-0.1416  	0.12406  	-0.0589  	-0.0361  	-0.2055  	0.03798  	-0.0062  	0.14472  	-0.0797  	-0.2227  	-0.0933  	0.04972  	0.01271  	0.01809  	0.02281  	0.00315  	0.00987  	0.00918  	-0.0919  	-0.0556  	-0.0233  	-0.0254  	-0.0415  	0.00718  	0.04438  	0.02834  	0.02283  	-0.0120  	-0.0217  	-0.0235  	0.00298  	0.07802  	0.00496  	0.01769  	0.04875  	-0.0764  	0.01313  	0.04579  	0.85449  	1.11780  	125.760  	104.299  	
-0.3783  	-0.1027  	-0.6331  	0.52687  	0.24645  	0.34803  	0.17178  	0.34222  	0.37827  	0.31635  	0.69613  	0.65151  	-0.5014  	-0.8264  	-0.2456  	-0.3491  	0.71534  	0.36949  	0.78882  	0.41251  	0.48672  	0.73144  	0.57902  	0.17150  	0.41945  	0.21387  	0.18308  	-0.4848  	-0.1779  	-0.2751  	-0.2275  	-0.1306  	0.13159  	-0.0760  	-0.0206  	-0.2390  	0.08210  	0.01544  	0.12455  	-0.1092  	-0.2295  	-0.0911  	0.04625  	0.02131  	0.02205  	0.02586  	0.01029  	-0.0005  	0.00339  	-0.0933  	-0.0713  	-0.0216  	-0.0319  	-0.0363  	0.00996  	0.03811  	0.02411  	0.02478  	-0.0148  	-0.0303  	-0.0232  	0.00994  	0.07841  	0.00262  	0.01769  	0.04875  	-0.0764  	0.01313  	0.04579  	0.85449  	1.11780  	125.760  	104.299  	
-0.1928  	0.01658  	-0.5498  	0.63884  	0.27748  	0.39054  	0.17679  	0.40993  	0.42039  	0.29485  	0.63468  	0.74224  	-0.4246  	-0.6404  	-0.1085  	-0.3372  	0.71897  	0.34622  	0.78805  	0.42036  	0.54001  	0.73084  	0.54285  	0.15292  	0.38484  	0.20089  	0.13582  	-0.4522  	-0.1992  	-0.2795  	-0.2272  	-0.1514  	0.17136  	-0.0522  	0.00997  	-0.2744  	0.11877  	0.02554  	0.13104  	-0.1308  	-0.2478  	-0.1009  	0.05966  	0.01115  	0.00847  	0.02839  	0.00143  	0.02043  	0.00875  	-0.0922  	-0.0682  	-0.0215  	-0.0291  	-0.0396  	0.00748  	0.04483  	0.01373  	0.02903  	-0.0092  	-0.0278  	-0.0216  	0.01891  	0.07803  	-0.0009  	0.01769  	0.04875  	-0.0764  	0.01313  	0.04579  	0.85449  	1.11780  	125.760  	104.299  	
0.05717  	0.06476  	-0.3880  	0.74703  	0.29497  	0.53559  	0.20851  	0.51295  	0.47261  	0.24386  	0.67023  	0.74414  	-0.3947  	-0.4684  	-0.0078  	-0.2671  	0.69784  	0.34141  	0.77594  	0.42059  	0.69594  	0.75267  	0.53090  	0.16231  	0.39948  	0.18640  	0.18282  	-0.5371  	-0.2370  	-0.2840  	-0.2388  	-0.1253  	0.19930  	-0.0623  	0.05008  	-0.3267  	0.15742  	0.04298  	0.11164  	-0.1417  	-0.2531  	-0.1154  	0.05477  	0.02347  	0.01714  	0.02009  	0.01067  	0.01700  	0.01767  	-0.0890  	-0.0642  	-0.0284  	-0.0256  	-0.0409  	0.00151  	0.04864  	0.01240  	0.02967  	-0.0240  	-0.0251  	-0.0238  	0.02570  	0.07978  	-0.0007  	0.01769  	0.04875  	-0.0764  	0.01313  	0.04579  	0.85449  	1.11780  	125.760  	104.299  	
0.15434  	0.07323  	-0.3206  	0.64395  	0.34361  	0.52020  	0.28131  	0.49318  	0.46056  	0.31725  	0.50755  	0.53359  	-0.3111  	-0.3734  	-0.0871  	-0.3745  	0.65410  	0.38441  	0.80671  	0.36433  	0.61781  	0.75100  	0.46393  	0.20624  	0.57231  	0.11805  	0.28521  	-0.5778  	-0.1984  	-0.2147  	-0.2249  	-0.1278  	0.16570  	-0.0779  	0.07957  	-0.2724  	0.13212  	-0.0074  	0.14717  	-0.0754  	-0.3079  	-0.0943  	0.06767  	0.02066  	0.00029  	0.02823  	-0.0111  	0.05032  	0.03117  	-0.0982  	-0.0490  	-0.0291  	-0.0289  	-0.0477  	0.00553  	0.05800  	0.01483  	0.02128  	-0.0182  	-0.0185  	-0.0230  	0.01451  	0.07146  	-0.0041  	0.01769  	0.04875  	-0.0764  	0.01313  	0.04579  	0.85449  	1.11780  	125.760  	104.299  	
-0.1674  	0.02304  	-0.5028  	0.54880  	0.31907  	0.31117  	0.23929  	0.38998  	0.39145  	0.38584  	0.69663  	0.54328  	-0.3872  	-0.4799  	-0.1553  	-0.4105  	0.63666  	0.36052  	0.77604  	0.39394  	0.61169  	0.74888  	0.47841  	0.28961  	0.51497  	0.15647  	0.26751  	-0.5867  	-0.3102  	-0.2682  	-0.2015  	-0.1237  	0.16828  	-0.0761  	0.13638  	-0.2483  	0.16466  	0.01122  	0.07721  	-0.0888  	-0.2834  	-0.0861  	0.02975  	-0.0022  	0.01811  	0.02784  	0.00167  	0.00104  	0.01539  	-0.0934  	-0.0702  	-0.0211  	-0.0288  	-0.0410  	0.00367  	0.04003  	0.01435  	0.02383  	-0.0118  	-0.0121  	-0.0203  	0.00150  	0.06627  	-0.0045  	0.01769  	0.04875  	-0.0764  	0.01313  	0.04579  	0.85449  	1.11780  	125.760  	104.299  	
-0.5382  	-0.1205  	-0.7346  	0.38950  	0.28258  	0.18167  	0.21351  	0.32804  	0.38151  	0.34550  	0.81577  	0.64403  	-0.4841  	-0.7682  	-0.3765  	-0.4163  	0.68205  	0.44216  	0.79383  	0.44377  	0.51666  	0.67094  	0.47163  	0.22375  	0.39472  	0.18507  	0.17801  	-0.4077  	-0.1813  	-0.2809  	-0.2291  	-0.1312  	0.18198  	-0.0700  	0.04434  	-0.2218  	0.02888  	-0.0169  	0.12581  	-0.0825  	-0.2750  	-0.0770  	0.01762  	-0.0077  	0.02898  	0.02745  	0.01639  	-0.0227  	0.00374  	-0.0787  	-0.0590  	-0.0249  	-0.0337  	-0.0362  	0.01175  	0.03763  	0.03282  	0.02661  	-0.0137  	-0.0192  	-0.0221  	0.00826  	0.07796  	0.00242  	0.01769  	0.04875  	-0.0764  	0.01313  	0.04579  	0.85449  	1.11780  	125.760  	104.299  	
-0.4465  	-0.1196  	-0.6478  	0.48717  	0.28423  	0.28201  	0.16691  	0.34006  	0.37219  	0.28126  	0.75331  	0.63570  	-0.5002  	-0.7682  	-0.2927  	-0.4045  	0.69659  	0.39965  	0.77497  	0.45725  	0.44217  	0.69219  	0.51780  	0.16199  	0.41874  	0.19359  	0.15577  	-0.3701  	-0.1263  	-0.2701  	-0.2299  	-0.1521  	0.13431  	-0.0684  	0.01037  	-0.2051  	0.05880  	-0.0001  	0.15850  	-0.1354  	-0.2602  	-0.0957  	0.03891  	0.00724  	0.02545  	0.01944  	0.01045  	0.00070  	0.01225  	-0.0866  	-0.0575  	-0.0226  	-0.0254  	-0.0439  	0.01118  	0.04300  	0.02777  	0.02576  	-0.0078  	-0.0200  	-0.0203  	0.00598  	0.08164  	0.00903  	0.01769  	0.04875  	-0.0764  	0.01313  	0.04579  	0.85449  	1.11780  	125.760  	104.299  	
-0.3996  	-0.0550  	-0.6102  	0.57467  	0.36420  	0.29488  	0.18133  	0.32431  	0.39970  	0.29154  	0.60026  	0.71430  	-0.4730  	-0.7261  	-0.2214  	-0.3943  	0.69578  	0.42863  	0.76821  	0.41501  	0.36200  	0.70942  	0.49825  	0.09714  	0.40280  	0.20135  	0.10253  	-0.2628  	-0.0430  	-0.2490  	-0.2241  	-0.1615  	0.16377  	-0.0547  	-0.0686  	-0.2164  	-0.0106  	-0.0223  	0.18175  	-0.1044  	-0.2265  	-0.0985  	0.06268  	0.01511  	0.01865  	0.02529  	0.00474  	0.00920  	0.01252  	-0.0868  	-0.0620  	-0.0204  	-0.0285  	-0.0439  	0.00703  	0.03987  	0.02711  	0.02399  	-0.0110  	-0.0300  	-0.0186  	0.01397  	0.07885  	0.00235  	0.01769  	0.04875  	-0.0764  	0.01313  	0.04579  	0.85449  	1.11780  	125.760  	104.299  	
-0.2026  	0.02645  	-0.5353  	0.70982  	0.36179  	0.39661  	0.15191  	0.43313  	0.42926  	0.25246  	0.61969  	0.74751  	-0.4506  	-0.6041  	-0.0598  	-0.3328  	0.69052  	0.37442  	0.78125  	0.41775  	0.56958  	0.67616  	0.51852  	0.15183  	0.37048  	0.18404  	0.14754  	-0.4260  	-0.1820  	-0.2756  	-0.2391  	-0.1329  	0.18160  	-0.0528  	0.05488  	-0.3039  	0.09610  	0.00199  	0.12845  	-0.1257  	-0.2425  	-0.0962  	0.05155  	0.00727  	0.01382  	0.02670  	0.01215  	0.00764  	0.01372  	-0.0863  	-0.0632  	-0.0257  	-0.0272  	-0.0399  	0.00503  	0.04842  	0.02121  	0.02380  	-0.0136  	-0.0253  	-0.0197  	0.01515  	0.07707  	0.00089  	0.01769  	0.04875  	-0.0764  	0.01313  	0.04579  	0.85449  	1.11780  	125.760  	104.299  	
-0.1112  	0.04490  	-0.4745  	0.70610  	0.32398  	0.42263  	0.14529  	0.46376  	0.43851  	0.23199  	0.71155  	0.71662  	-0.4643  	-0.5688  	-0.0098  	-0.2796  	0.71185  	0.31679  	0.78848  	0.34915  	0.70510  	0.69071  	0.53643  	0.22980  	0.36793  	0.17026  	0.24536  	-0.5969  	-0.3288  	-0.2796  	-0.2410  	-0.0947  	0.16972  	-0.0685  	0.13518  	-0.3503  	0.22273  	0.04823  	0.06590  	-0.1701  	-0.2773  	-0.0829  	0.03388  	-0.0012  	0.01360  	0.03280  	0.00846  	0.00092  	0.00988  	-0.0817  	-0.0748  	-0.0220  	-0.0230  	-0.0352  	0.00534  	0.05078  	0.01260  	0.01934  	-0.0114  	-0.0222  	-0.0171  	0.01987  	0.07681  	-0.0033  	0.01769  	0.04875  	-0.0764  	0.01313  	0.04579  	0.85449  	1.11780  	125.760  	104.299  	
0.01750  	0.08379  	-0.4104  	0.74426  	0.31057  	0.47718  	0.16024  	0.50523  	0.47895  	0.20751  	0.74844  	0.70781  	-0.4467  	-0.5115  	0.00665  	-0.2605  	0.71192  	0.28862  	0.79496  	0.29643  	0.79293  	0.69981  	0.55198  	0.25071  	0.35148  	0.15892  	0.31065  	-0.6957  	-0.4326  	-0.2941  	-0.2569  	-0.0772  	0.17715  	-0.0761  	0.19647  	-0.3714  	0.28767  	0.07476  	0.03133  	-0.1832  	-0.3115  	-0.0925  	0.03369  	-0.0007  	0.01697  	0.03174  	0.00306  	0.00069  	0.01204  	-0.0782  	-0.0692  	-0.0219  	-0.0238  	-0.0313  	0.00524  	0.05943  	0.01209  	0.02411  	-0.0134  	-0.0246  	-0.0179  	0.02102  	0.07173  	-0.0060  	0.01769  	0.04875  	-0.0764  	0.01313  	0.04579  	0.85449  	1.11780  	125.760  	104.299  	
0.09646  	0.14501  	-0.2857  	0.72932  	0.26956  	0.51837  	0.14038  	0.62645  	0.49842  	0.15731  	0.81621  	0.75972  	-0.3934  	-0.5154  	0.04796  	-0.2562  	0.80808  	0.09680  	0.88493  	0.00437  	0.91287  	0.48232  	0.36004  	0.29643  	0.27302  	0.25877  	0.33073  	-0.8375  	-0.4026  	-0.3212  	-0.1254  	-0.1223  	0.09591  	-0.2460  	0.14327  	-0.4227  	0.23813  	0.08354  	-0.0834  	-0.2872  	-0.2415  	0.03672  	-0.0696  	0.07771  	-0.0488  	0.04981  	-0.0245  	0.03801  	0.00394  	-0.0897  	-0.0657  	-0.0147  	-0.0244  	-0.0147  	0.00924  	0.06065  	0.00815  	0.01392  	-0.0162  	-0.0119  	-0.0130  	0.01617  	0.05930  	-0.0031  	0.01769  	0.04875  	-0.0764  	0.01313  	0.04579  	0.85449  	1.11780  	125.760  	104.299  	
0.13104  	0.15485  	-0.2388  	0.75514  	0.28604  	0.51980  	0.11904  	0.68580  	0.48422  	0.13952  	0.82880  	0.78869  	-0.3469  	-0.5413  	0.09826  	-0.2879  	0.88791  	-0.0439  	0.94167  	-0.2140  	0.96308  	0.30305  	0.16618  	0.31035  	0.21642  	0.34042  	0.33675  	-0.9202  	-0.3378  	-0.3261  	-0.0342  	-0.1595  	0.02118  	-0.3752  	0.08992  	-0.4423  	0.16881  	0.08597  	-0.1697  	-0.3580  	-0.1898  	0.14587  	-0.1621  	0.14336  	-0.0973  	0.06563  	-0.0440  	0.05609  	-0.0046  	-0.1058  	-0.0613  	-0.0101  	-0.0221  	4.85926  	0.01493  	0.05908  	0.00382  	0.00599  	-0.0172  	-0.0037  	-0.0089  	0.01236  	0.04960  	-0.0001  	0.01769  	0.04875  	-0.0764  	0.01313  	0.04579  	0.85449  	1.11780  	125.760  	104.299  	
0.13003  	0.15541  	-0.2318  	0.75989  	0.29393  	0.51320  	0.11140  	0.69648  	0.47972  	0.14118  	0.83354  	0.79462  	-0.3369  	-0.5531  	0.10392  	-0.2989  	0.90708  	-0.0781  	0.95329  	-0.2655  	0.97001  	0.25392  	0.11376  	0.30807  	0.19888  	0.36118  	0.33238  	-0.9336  	-0.3202  	-0.3298  	-0.0111  	-0.1693  	0.00259  	-0.4088  	0.07524  	-0.4468  	0.14902  	0.08543  	-0.1919  	-0.3755  	-0.1732  	0.17214  	-0.1857  	0.15921  	-0.1097  	0.07001  	-0.0492  	0.05976  	-0.0076  	-0.1088  	-0.0595  	-0.0087  	-0.0219  	0.00334  	0.01662  	0.05839  	0.00352  	0.00322  	-0.0165  	-0.0020  	-0.0079  	0.01158  	0.04603  	0.00017  	0.01769  	0.04875  	-0.0764  	0.01313  	0.04579  	0.85449  	1.11780  	125.760  	104.299  	
0.12946  	0.15224  	-0.2399  	0.75559  	0.29232  	0.51877  	0.11833  	0.68442  	0.48391  	0.14648  	0.83028  	0.79108  	-0.3467  	-0.5427  	0.09182  	-0.2867  	0.88837  	-0.0446  	0.93874  	-0.2123  	0.95552  	0.29978  	0.16473  	0.30755  	0.21271  	0.34081  	0.33304  	-0.9148  	-0.3364  	-0.3257  	-0.0347  	-0.1594  	0.02164  	-0.3757  	0.08831  	-0.4411  	0.16661  	0.08581  	-0.1685  	-0.3586  	-0.1883  	0.14565  	-0.1621  	0.14331  	-0.0978  	0.06591  	-0.0444  	0.05596  	-0.0044  	-0.1064  	-0.0608  	-0.0097  	-0.0222  	-2.6702  	0.01536  	0.05867  	0.00404  	0.00550  	-0.0166  	-0.0037  	-0.0089  	0.01223  	0.04930  	6.83814  	0.01769  	0.04875  	-0.0764  	0.01313  	0.04579  	0.85449  	1.11780  	125.760  	104.299  	
0.12717  	0.13954  	-0.2725  	0.73837  	0.28589  	0.54108  	0.14603  	0.63617  	0.50064  	0.16769  	0.81726  	0.77689  	-0.3860  	-0.5008  	0.04343  	-0.2379  	0.81352  	0.08957  	0.88055  	0.00035  	0.89757  	0.48324  	0.36862  	0.30547  	0.26801  	0.25930  	0.33568  	-0.8395  	-0.4011  	-0.3093  	-0.1291  	-0.1200  	0.09784  	-0.2436  	0.14058  	-0.4182  	0.23696  	0.08732  	-0.0748  	-0.2908  	-0.2490  	0.03971  	-0.0675  	0.07972  	-0.0503  	0.04947  	-0.0251  	0.04077  	0.00805  	-0.0967  	-0.0658  	-0.0136  	-0.0233  	-0.0134  	0.01034  	0.05981  	0.00608  	0.01463  	-0.0171  	-0.0108  	-0.0126  	0.01481  	0.06239  	-0.0003  	0.01769  	0.04875  	-0.0764  	0.01313  	0.04579  	0.85449  	1.11780  	125.760  	104.299  	
0.12431  	0.12366  	-0.3132  	0.71686  	0.27784  	0.56896  	0.18065  	0.57586  	0.52156  	0.19421  	0.80098  	0.75915  	-0.4350  	-0.4485  	-0.0170  	-0.1770  	0.71995  	0.25733  	0.80782  	0.26625  	0.82514  	0.71255  	0.62349  	0.30287  	0.33714  	0.15741  	0.33898  	-0.7454  	-0.4820  	-0.2888  	-0.2470  	-0.0707  	0.19308  	-0.0783  	0.20592  	-0.3896  	0.32490  	0.08922  	0.04236  	-0.2062  	-0.3248  	-0.0927  	0.05069  	0.00023  	0.00914  	0.02893  	-0.0010  	0.02179  	0.02373  	-0.0847  	-0.0720  	-0.0185  	-0.0246  	-0.0303  	0.00407  	0.06123  	0.00864  	0.02604  	-0.0177  	-0.0196  	-0.0174  	0.01803  	0.07876  	-0.0008  	0.01769  	0.04875  	-0.0764  	0.01313  	0.04579  	0.85449  	1.11780  	125.760  	104.299  	
0.12431  	0.12366  	-0.3132  	0.71686  	0.27784  	0.56896  	0.18065  	0.57586  	0.52156  	0.19421  	0.80098  	0.75915  	-0.4350  	-0.4485  	-0.0170  	-0.1770  	0.71995  	0.25733  	0.80782  	0.26625  	0.82514  	0.71255  	0.62349  	0.30287  	0.33714  	0.15741  	0.33898  	-0.7454  	-0.4820  	-0.2888  	-0.2470  	-0.0707  	0.19308  	-0.0783  	0.20592  	-0.3896  	0.32490  	0.08922  	0.04236  	-0.2062  	-0.3248  	-0.0927  	0.05069  	0.00023  	0.00914  	0.02893  	-0.0010  	0.02179  	0.02373  	-0.0847  	-0.0720  	-0.0185  	-0.0246  	-0.0303  	0.00407  	0.06123  	0.00864  	0.02604  	-0.0177  	-0.0196  	-0.0174  	0.01803  	0.07876  	-0.0008  	0.01769  	0.04875  	-0.0764  	0.01313  	0.04579  	0.85449  	1.11780  	125.760  	104.299  	
