6.324218750000000000e+01
1.110195312500000000e+02
6.228906250000000000e+01
1.286445312500000000e+02
6.228906250000000000e+01
1.440664062500000000e+02
6.228906250000000000e+01
1.616914062500000000e+02
6.610156250000000000e+01
1.771132812500000000e+02
7.658593750000000000e+01
1.870273437500000000e+02
8.992968750000000000e+01
1.947382812500000000e+02
1.032734375000000000e+02
1.991445312500000000e+02
1.166171875000000000e+02
2.002460937500000000e+02
1.290078125000000000e+02
2.002460937500000000e+02
1.413984375000000000e+02
1.991445312500000000e+02
1.528359375000000000e+02
1.969414062500000000e+02
1.633203125000000000e+02
1.892304687500000000e+02
1.690390625000000000e+02
1.793164062500000000e+02
1.747578125000000000e+02
1.660976562500000000e+02
1.766640625000000000e+02
1.517773437500000000e+02
1.776171875000000000e+02
1.352539062500000000e+02
8.516406250000000000e+01
1.033085937500000000e+02
9.421875000000000000e+01
9.945312500000000000e+01
1.032734375000000000e+02
9.835156250000000000e+01
1.118515625000000000e+02
1.005546875000000000e+02
1.199531250000000000e+02
1.038593750000000000e+02
1.437812500000000000e+02
1.099179687500000000e+02
1.523593750000000000e+02
1.093671875000000000e+02
1.599843750000000000e+02
1.099179687500000000e+02
1.676093750000000000e+02
1.121210937500000000e+02
1.747578125000000000e+02
1.187304687500000000e+02
1.309140625000000000e+02
1.220351562500000000e+02
1.309140625000000000e+02
1.297460937500000000e+02
1.299609375000000000e+02
1.363554687500000000e+02
1.299609375000000000e+02
1.440664062500000000e+02
1.147109375000000000e+02
1.495742187500000000e+02
1.204296875000000000e+02
1.517773437500000000e+02
1.271015625000000000e+02
1.528789062500000000e+02
1.328203125000000000e+02
1.539804687500000000e+02
1.385390625000000000e+02
1.539804687500000000e+02
8.992968750000000000e+01
1.176289062500000000e+02
9.564843750000000000e+01
1.154257812500000000e+02
1.080390625000000000e+02
1.165273437500000000e+02
1.118515625000000000e+02
1.220351562500000000e+02
1.070859375000000000e+02
1.231367187500000000e+02
9.469531250000000000e+01
1.209335937500000000e+02
1.442578125000000000e+02
1.275429687500000000e+02
1.499765625000000000e+02
1.242382812500000000e+02
1.614140625000000000e+02
1.264414062500000000e+02
1.652265625000000000e+02
1.297460937500000000e+02
1.604609375000000000e+02
1.319492187500000000e+02
1.499765625000000000e+02
1.297460937500000000e+02
9.374218750000000000e+01
1.627929687500000000e+02
1.070859375000000000e+02
1.616914062500000000e+02
1.213828125000000000e+02
1.616914062500000000e+02
1.251953125000000000e+02
1.627929687500000000e+02
1.290078125000000000e+02
1.627929687500000000e+02
1.375859375000000000e+02
1.660976562500000000e+02
1.452109375000000000e+02
1.716054687500000000e+02
1.385390625000000000e+02
1.771132812500000000e+02
1.299609375000000000e+02
1.793164062500000000e+02
1.213828125000000000e+02
1.782148437500000000e+02
1.108984375000000000e+02
1.760117187500000000e+02
1.013671875000000000e+02
1.716054687500000000e+02
9.469531250000000000e+01
1.638945312500000000e+02
1.089921875000000000e+02
1.649960937500000000e+02
1.242421875000000000e+02
1.660976562500000000e+02
1.337734375000000000e+02
1.683007812500000000e+02
1.433046875000000000e+02
1.716054687500000000e+02
1.328203125000000000e+02
1.738085937500000000e+02
1.223359375000000000e+02
1.738085937500000000e+02
1.070859375000000000e+02
1.705039062500000000e+02
