-0.3654  	-0.0130  	-0.0071  	-0.7528  	-0.4514  	-0.5955  	0.00720  	0.66305  	0.50742  	0.46767  	0.63424  	-0.0662  	-0.1789  	-0.5900  	-1.3515  	-0.4796  	0.54263  	-0.0093  	0.42681  	0.57765  	0.25533  	-0.1869  	0.25226  	0.26818  	0.36494  	0.16858  	0.16186  	-0.1786  	-0.3908  	-0.4914  	-0.0972  	-0.1550  	0.38315  	-0.1942  	-0.2851  	0.02293  	0.24937  	-0.0532  	-0.0023  	0.16275  	0.20334  	-0.1850  	0.15790  	-0.0297  	-0.0107  	-0.0023  	-0.0211  	0.04713  	0.02239  	-0.0557  	-0.0826  	-0.0261  	-0.0242  	-0.0141  	-1.9773  	0.01875  	1.43051  	0.00356  	0.01926  	-0.0268  	5.80698  	0.00374  	0.04447  	-0.0011  	-0.0138  	0.14240  	-0.1866  	0.02538  	-0.0157  	1.16216  	1.25816  	121.627  	111.374  	
-0.4990  	-0.0608  	-0.0618  	-0.7039  	-0.4208  	-0.5618  	-0.0282  	0.63545  	0.45576  	0.37691  	0.60540  	-0.0341  	-0.2692  	-0.6731  	-1.2531  	-0.4982  	0.56237  	-0.0488  	0.43000  	0.51512  	0.34770  	-0.1987  	0.30040  	0.33471  	0.32841  	0.15737  	0.23066  	-0.2431  	-0.4451  	-0.4749  	-0.0902  	-0.1294  	0.33051  	-0.2127  	-0.2642  	-0.0007  	0.27933  	-0.0487  	-0.0318  	0.15765  	0.15512  	-0.1788  	0.11363  	-0.0224  	-0.0160  	-0.0038  	-0.0174  	0.01482  	0.01755  	-0.0581  	-0.0884  	-0.0329  	-0.0308  	-0.0094  	0.00395  	0.00722  	0.01220  	0.00683  	0.02400  	-0.0313  	-0.0100  	0.00218  	0.05742  	-0.0067  	-0.0138  	0.14240  	-0.1866  	0.02538  	-0.0157  	1.16216  	1.25816  	121.627  	111.374  	
-0.3166  	-0.0644  	0.01924  	-0.6214  	-0.3961  	-0.4405  	-0.0206  	0.62436  	0.43842  	0.39939  	0.56726  	-0.0405  	-0.2900  	-0.7709  	-1.2693  	-0.3684  	0.54460  	0.00196  	0.48210  	0.53145  	0.29221  	-0.1920  	0.27289  	0.32264  	0.39820  	0.14037  	0.27016  	-0.2424  	-0.4363  	-0.4573  	-0.1026  	-0.0996  	0.31517  	-0.2001  	-0.2660  	0.04751  	0.29431  	-0.0243  	-0.0302  	0.16360  	0.15923  	-0.1852  	0.12038  	-0.0099  	-0.0080  	-0.0019  	-0.0271  	0.01859  	0.02455  	-0.0704  	-0.0863  	-0.0312  	-0.0281  	-0.0116  	0.00645  	0.00884  	0.01064  	0.00730  	0.01867  	-0.0279  	-0.0082  	-0.0073  	0.06220  	-0.0067  	-0.0138  	0.14240  	-0.1866  	0.02538  	-0.0157  	1.16216  	1.25816  	121.627  	111.374  	
-0.2413  	-0.0299  	0.08306  	-0.6230  	-0.3547  	-0.4716  	0.02062  	0.62822  	0.43170  	0.52959  	0.63100  	0.00933  	-0.3012  	-0.7842  	-1.4257  	-0.2873  	0.49403  	0.02443  	0.47475  	0.55262  	0.21649  	-0.1947  	0.19297  	0.31044  	0.43377  	0.11299  	0.28006  	-0.1753  	-0.3768  	-0.4528  	-0.1296  	-0.0913  	0.30190  	-0.2066  	-0.2697  	0.11041  	0.24792  	-0.0370  	-0.0125  	0.19990  	0.17542  	-0.1757  	0.12113  	-0.0042  	-0.0214  	0.00097  	-0.0353  	0.04432  	0.03439  	-0.0657  	-0.0835  	-0.0284  	-0.0211  	-0.0147  	0.01055  	0.00869  	0.01477  	0.00730  	0.02022  	-0.0234  	-0.0055  	-0.0072  	0.06664  	-0.0064  	-0.0138  	0.14240  	-0.1866  	0.02538  	-0.0157  	1.16216  	1.25816  	121.627  	111.374  	
-0.2339  	-0.0633  	0.06528  	-0.6766  	-0.3570  	-0.4973  	0.05145  	0.55094  	0.41198  	0.51081  	0.62017  	-0.0484  	-0.2725  	-0.8433  	-1.4932  	-0.3134  	0.47879  	0.02665  	0.44344  	0.57382  	0.17139  	-0.1825  	0.14251  	0.31796  	0.47015  	0.10944  	0.29651  	-0.1876  	-0.3785  	-0.4354  	-0.1180  	-0.0703  	0.30999  	-0.1982  	-0.2734  	0.15725  	0.24725  	-0.0395  	-0.0036  	0.21158  	0.17249  	-0.1703  	0.14048  	-0.0200  	-0.0147  	-0.0010  	-0.0321  	0.04512  	0.04757  	-0.0757  	-0.0811  	-0.0340  	-0.0250  	-0.0102  	0.00779  	0.00958  	0.01725  	0.00899  	0.02057  	-0.0260  	-0.0089  	-0.0167  	0.06854  	-0.0092  	-0.0138  	0.14240  	-0.1866  	0.02538  	-0.0157  	1.16216  	1.25816  	121.627  	111.374  	
-0.2655  	-0.0385  	-0.0344  	-0.5570  	-0.3729  	-0.4597  	-0.0014  	0.58068  	0.41691  	0.40784  	0.61722  	-0.0068  	-0.2750  	-0.7315  	-1.3615  	-0.4040  	0.52990  	-0.0549  	0.43867  	0.55330  	0.34515  	-0.1465  	0.16882  	0.38269  	0.47328  	0.12072  	0.37243  	-0.2688  	-0.4581  	-0.4254  	-0.1459  	-0.0775  	0.31470  	-0.2195  	-0.1884  	0.10314  	0.30509  	-0.0431  	-0.0319  	0.17968  	0.10395  	-0.1593  	0.10995  	-0.0306  	0.00248  	0.00089  	-0.0323  	0.02914  	0.03597  	-0.0699  	-0.0680  	-0.0334  	-0.0286  	-0.0160  	0.00327  	0.01282  	0.01595  	0.00580  	0.02189  	-0.0162  	-0.0146  	-0.0146  	0.05811  	-0.0080  	-0.0138  	0.14240  	-0.1866  	0.02538  	-0.0157  	1.16216  	1.25816  	121.627  	111.374  	
-0.1732  	0.03235  	-0.0026  	-0.3408  	-0.2054  	-0.4165  	-0.0292  	0.69882  	0.46653  	0.34768  	0.37853  	0.00750  	-0.1076  	-0.4135  	-0.9386  	-0.5388  	0.54661  	-0.1684  	0.46954  	0.44230  	0.39991  	-0.1364  	0.26297  	0.44498  	0.41500  	0.11137  	0.43758  	-0.3116  	-0.4980  	-0.4004  	-0.1443  	-0.1104  	0.31647  	-0.2065  	-0.1113  	-0.0319  	0.29091  	-0.0748  	-0.0366  	0.25454  	0.04121  	-0.1409  	0.09015  	-0.0334  	-0.0071  	0.00124  	-0.0348  	0.02081  	0.03076  	-0.0515  	-0.0868  	-0.0333  	-0.0346  	-0.0095  	0.00231  	0.01218  	0.00844  	0.00842  	0.02677  	-0.0223  	-0.0220  	0.00982  	0.04898  	-0.0150  	-0.0138  	0.14240  	-0.1866  	0.02538  	-0.0157  	1.16216  	1.25816  	121.627  	111.374  	
0.01141  	0.11116  	0.01882  	-0.0323  	-0.0877  	-0.2560  	0.01995  	0.79609  	0.47415  	0.40103  	0.06229  	-0.1682  	0.05415  	-0.0985  	-0.6780  	-0.6424  	0.52202  	-0.1521  	0.44574  	0.33792  	0.26596  	-0.0125  	0.28092  	0.29543  	0.56150  	0.09365  	0.43630  	-0.3889  	-0.2481  	-0.3208  	-0.1219  	-0.1556  	0.31585  	-0.2049  	-0.2010  	-0.0610  	0.19192  	-0.0925  	0.08632  	0.22469  	0.04556  	-0.1553  	0.09821  	-0.0105  	-0.0142  	0.00030  	-0.0333  	0.05656  	0.05007  	-0.0709  	-0.0884  	-0.0304  	-0.0255  	-0.0101  	0.01112  	0.02380  	-0.0047  	-0.0012  	0.01964  	-0.0119  	-0.0072  	0.00998  	0.04405  	-0.0137  	-0.0138  	0.14240  	-0.1866  	0.02538  	-0.0157  	1.16216  	1.25816  	121.627  	111.374  	
-0.1874  	0.06485  	-0.0521  	-0.2166  	-0.1099  	-0.4416  	0.01710  	0.71129  	0.44425  	0.33163  	0.23448  	-0.0307  	-0.0679  	-0.3193  	-0.7928  	-0.6370  	0.54939  	-0.1750  	0.43809  	0.40958  	0.29429  	-0.0908  	0.28368  	0.33347  	0.55220  	0.12002  	0.46644  	-0.3152  	-0.3446  	-0.3565  	-0.1228  	-0.1653  	0.33768  	-0.1976  	-0.1582  	-0.0402  	0.24270  	-0.0856  	0.02702  	0.20916  	0.03723  	-0.1319  	0.08382  	-0.0275  	-0.0086  	0.00048  	-0.0335  	0.05490  	0.04471  	-0.0785  	-0.0885  	-0.0373  	-0.0345  	-0.0186  	0.00209  	0.02344  	0.00919  	0.00198  	0.02777  	-0.0304  	-0.0049  	9.06363  	0.04231  	-0.0129  	-0.0138  	0.14240  	-0.1866  	0.02538  	-0.0157  	1.16216  	1.25816  	121.627  	111.374  	
-0.4518  	-0.0318  	0.02006  	-0.7781  	-0.4249  	-0.5212  	0.01653  	0.68691  	0.46798  	0.34667  	0.61346  	-0.0483  	-0.2771  	-0.7098  	-1.2319  	-0.4278  	0.55054  	-0.0408  	0.48836  	0.51437  	0.44928  	-0.2007  	0.29962  	0.35985  	0.33605  	0.14284  	0.33503  	-0.3227  	-0.4915  	-0.4965  	-0.0845  	-0.1165  	0.34688  	-0.2261  	-0.2372  	-0.0351  	0.37784  	-0.0292  	-0.0544  	0.18179  	0.14707  	-0.1796  	0.08710  	-0.0142  	-0.0135  	0.00392  	-0.0242  	0.01228  	0.01651  	-0.0717  	-0.1048  	-0.0307  	-0.0381  	-0.0134  	0.00096  	0.01126  	0.00357  	0.00100  	0.02139  	-0.0180  	-0.0033  	0.01239  	0.04987  	-0.0128  	-0.0138  	0.14240  	-0.1866  	0.02538  	-0.0157  	1.16216  	1.25816  	121.627  	111.374  	
-0.4194  	-0.0930  	0.01952  	-0.7516  	-0.4822  	-0.4680  	-0.0558  	0.58336  	0.43794  	0.39324  	0.66769  	-0.0719  	-0.3048  	-0.8794  	-1.5004  	-0.3951  	0.52987  	-0.0497  	0.47627  	0.50035  	0.28124  	-0.2234  	0.29299  	0.32733  	0.38045  	0.16252  	0.28042  	-0.2355  	-0.4550  	-0.4627  	-0.1042  	-0.1126  	0.30832  	-0.2144  	-0.2638  	0.05407  	0.27651  	-0.0470  	-0.0283  	0.19930  	0.17707  	-0.1843  	0.11903  	-0.0268  	-0.0159  	-1.5046  	-0.0317  	0.03130  	0.01164  	-0.0635  	-0.0822  	-0.0250  	-0.0257  	-0.0175  	-0.0009  	0.01050  	0.00831  	0.00748  	0.02499  	-0.0255  	-0.0058  	-0.0113  	0.06412  	-0.0074  	-0.0138  	0.14240  	-0.1866  	0.02538  	-0.0157  	1.16216  	1.25816  	121.627  	111.374  	
-0.3015  	-0.0240  	0.05324  	-0.5091  	-0.2938  	-0.4063  	-0.0567  	0.67995  	0.45947  	0.41969  	0.55642  	0.01419  	-0.2522  	-0.6998  	-1.3026  	-0.3360  	0.51450  	-0.0729  	0.47908  	0.55517  	0.30133  	-0.1940  	0.19456  	0.37128  	0.42799  	0.12982  	0.32135  	-0.2529  	-0.4504  	-0.4399  	-0.1426  	-0.0917  	0.32844  	-0.2086  	-0.1991  	0.02649  	0.28004  	-0.0372  	-0.0065  	0.21239  	0.11618  	-0.1657  	0.11684  	-0.0181  	-0.0058  	0.00189  	-0.0328  	0.03738  	0.02514  	-0.0771  	-0.0762  	-0.0289  	-0.0289  	-0.0081  	-0.0010  	0.01341  	0.01690  	0.00345  	0.02443  	-0.0157  	-0.0059  	-0.0126  	0.05683  	-0.0066  	-0.0138  	0.14240  	-0.1866  	0.02538  	-0.0157  	1.16216  	1.25816  	121.627  	111.374  	
-0.1442  	0.06462  	0.06984  	-0.1734  	-0.1169  	-0.3326  	-0.0486  	0.82517  	0.44757  	0.34795  	0.20318  	0.07695  	0.02249  	-0.3269  	-0.7794  	-0.6320  	0.63831  	-0.2843  	0.51797  	0.20453  	0.34141  	-0.3550  	0.00944  	0.32618  	0.34638  	0.22351  	0.40738  	-0.3831  	-0.2772  	-0.3758  	-0.0099  	-0.2061  	0.26318  	-0.3612  	-0.2750  	-0.0508  	0.16616  	-0.0941  	-0.0800  	0.14822  	0.14206  	-0.0247  	-0.0073  	0.07067  	-0.0614  	0.02244  	-0.0526  	0.06413  	0.01868  	-0.0714  	-0.0788  	-0.0286  	-0.0300  	-0.0021  	0.01123  	0.01815  	0.00195  	-0.0066  	0.02375  	-0.0110  	-0.0037  	-0.0054  	0.02740  	-0.0093  	-0.0138  	0.14240  	-0.1866  	0.02538  	-0.0157  	1.16216  	1.25816  	121.627  	111.374  	
0.09597  	0.13524  	0.30694  	-0.2888  	-0.2504  	-0.3100  	0.01131  	0.85927  	0.45265  	0.41758  	0.21508  	-0.1403  	0.05712  	-0.2866  	-0.6710  	-0.7604  	0.71626  	-0.4771  	0.55694  	-0.1464  	0.46777  	-0.4497  	-0.0891  	0.36094  	0.38693  	0.27327  	0.48812  	-0.6457  	-0.2472  	-0.3922  	0.10827  	-0.2239  	0.15014  	-0.5039  	-0.3089  	-0.0770  	0.14192  	-0.0578  	-0.2060  	0.04614  	0.23972  	0.06723  	-0.0971  	0.13228  	-0.1328  	0.04184  	-0.0893  	0.10130  	0.01998  	-0.0786  	-0.0666  	-0.0188  	-0.0231  	0.01836  	0.01677  	0.02676  	-0.0107  	-0.0165  	0.01634  	-0.0008  	0.00552  	-0.0048  	0.02000  	-0.0161  	-0.0138  	0.14240  	-0.1866  	0.02538  	-0.0157  	1.16216  	1.25816  	121.627  	111.374  	
-0.3118  	0.05838  	0.10422  	-0.5825  	-0.3719  	-0.4802  	-0.0727  	0.87257  	0.42164  	0.30840  	0.53837  	-0.0824  	-0.1052  	-0.7113  	-0.9572  	-0.6567  	0.76588  	-0.4835  	0.63241  	-0.0835  	0.64076  	-0.6026  	-0.1372  	0.40824  	0.24013  	0.36463  	0.44601  	-0.6554  	-0.3741  	-0.5134  	0.14109  	-0.1919  	0.12100  	-0.5330  	-0.3103  	-0.0999  	0.23047  	-0.0230  	-0.3143  	0.00336  	0.25109  	0.10728  	-0.1448  	0.14898  	-0.1406  	0.03874  	-0.0824  	0.08699  	-0.0101  	-0.0804  	-0.0813  	-0.0134  	-0.0238  	0.02548  	0.01687  	0.00616  	0.00391  	-0.0169  	0.01584  	-0.0049  	0.01170  	-0.0081  	0.02221  	-0.0081  	-0.0138  	0.14240  	-0.1866  	0.02538  	-0.0157  	1.16216  	1.25816  	121.627  	111.374  	
-0.3366  	-0.0366  	0.13341  	-0.7069  	-0.4542  	-0.5177  	-0.1246  	0.70909  	0.39597  	0.34756  	0.71303  	-0.0053  	-0.1958  	-0.9544  	-1.3189  	-0.4252  	0.73092  	-0.3739  	0.64513  	-0.0098  	0.50745  	-0.6178  	-0.1327  	0.33802  	0.20933  	0.32681  	0.32434  	-0.5687  	-0.3929  	-0.5135  	0.08048  	-0.1783  	0.10906  	-0.5326  	-0.3486  	0.00933  	0.20663  	-0.0001  	-0.2898  	0.01134  	0.27131  	0.07072  	-0.1160  	0.12779  	-0.1403  	0.03416  	-0.0670  	0.07141  	-0.0094  	-0.0926  	-0.0831  	-0.0187  	-0.0361  	0.02716  	0.01652  	0.00749  	-0.0040  	-0.0174  	0.02710  	-0.0177  	0.00034  	-0.0086  	0.03912  	-0.0083  	-0.0138  	0.14240  	-0.1866  	0.02538  	-0.0157  	1.16216  	1.25816  	121.627  	111.374  	
-0.3796  	-0.0479  	0.09061  	-0.6931  	-0.3732  	-0.5763  	-0.0388  	0.64528  	0.40848  	0.49777  	0.72940  	0.01840  	-0.2622  	-0.9422  	-1.4962  	-0.3526  	0.60441  	-0.1413  	0.55898  	0.24165  	0.27446  	-0.4331  	-0.0264  	0.31660  	0.37953  	0.24182  	0.29770  	-0.3039  	-0.3434  	-0.4706  	0.00439  	-0.1336  	0.19971  	-0.3867  	-0.3476  	0.10739  	0.17611  	-0.0196  	-0.1284  	0.09597  	0.25355  	-0.0352  	0.00730  	0.07792  	-0.0730  	0.01595  	-0.0491  	0.05846  	0.01851  	-0.0881  	-0.0713  	-0.0224  	-0.0173  	0.01113  	0.02055  	0.00114  	0.00053  	-0.0069  	0.02503  	-0.0081  	-0.0044  	-0.0104  	0.04712  	-0.0079  	-0.0138  	0.14240  	-0.1866  	0.02538  	-0.0157  	1.16216  	1.25816  	121.627  	111.374  	
-0.5896  	-0.0808  	-0.1174  	-0.9075  	-0.5016  	-0.6326  	-0.0116  	0.56421  	0.38337  	0.53873  	0.63708  	-0.0700  	-0.3124  	-0.8766  	-1.6135  	-0.3807  	0.50813  	0.04139  	0.45294  	0.57461  	0.16434  	-0.1886  	0.24546  	0.26369  	0.44353  	0.13548  	0.22128  	-0.1421  	-0.3440  	-0.4519  	-0.1008  	-0.1082  	0.28829  	-0.2093  	-0.3265  	0.17060  	0.19456  	-0.0472  	0.01115  	0.20213  	0.19914  	-0.1901  	0.14011  	-0.0051  	-0.0125  	-0.0038  	-0.0308  	0.02064  	0.01514  	-0.0761  	-0.0825  	-0.0299  	-0.0307  	-0.0094  	0.00779  	0.00499  	0.00825  	0.00793  	0.02628  	-0.0265  	-0.0128  	-0.0060  	0.05250  	-0.0077  	-0.0138  	0.14240  	-0.1866  	0.02538  	-0.0157  	1.16216  	1.25816  	121.627  	111.374  	
-0.7917  	-0.1271  	-0.1950  	-1.0644  	-0.5542  	-0.7415  	-0.0255  	0.58174  	0.38244  	0.48673  	0.76409  	-0.1394  	-0.3256  	-0.8464  	-1.5445  	-0.5587  	0.53331  	0.01591  	0.45905  	0.54997  	0.32448  	-0.2096  	0.32847  	0.29969  	0.42240  	0.15124  	0.24403  	-0.2281  	-0.4198  	-0.4863  	-0.0748  	-0.1498  	0.30215  	-0.2094  	-0.2982  	0.08956  	0.27708  	-0.0409  	-0.0301  	0.12098  	0.17426  	-0.1857  	0.07986  	-0.0229  	0.00034  	-0.0039  	-0.0277  	0.01541  	0.00375  	-0.0794  	-0.0937  	-0.0281  	-0.0218  	-0.0146  	0.00346  	0.00071  	0.01157  	0.01126  	0.02317  	-0.0316  	-0.0070  	-0.0016  	0.05949  	-0.0045  	-0.0138  	0.14240  	-0.1866  	0.02538  	-0.0157  	1.16216  	1.25816  	121.627  	111.374  	
-0.8826  	-0.1391  	-0.1709  	-1.1382  	-0.6248  	-0.7851  	-0.0857  	0.60923  	0.38800  	0.51670  	0.89070  	-0.1749  	-0.3546  	-0.8139  	-1.5520  	-0.5957  	0.54696  	-0.0348  	0.45668  	0.52395  	0.41974  	-0.2375  	0.38502  	0.32033  	0.33510  	0.16345  	0.23673  	-0.2786  	-0.4871  	-0.5211  	-0.0621  	-0.1353  	0.30711  	-0.2126  	-0.3040  	0.03322  	0.32525  	-0.0189  	-0.0395  	0.10888  	0.17087  	-0.2070  	0.06665  	-0.0494  	-0.0036  	-0.0026  	-0.0254  	-0.0099  	0.00604  	-0.0707  	-0.1003  	-0.0302  	-0.0239  	-0.0092  	-0.0008  	-0.0033  	0.00670  	0.01334  	0.01711  	-0.0243  	-0.0028  	0.00235  	0.06609  	0.00200  	-0.0138  	0.14240  	-0.1866  	0.02538  	-0.0157  	1.16216  	1.25816  	121.627  	111.374  	
-0.8922  	-0.1016  	-0.1718  	-1.2149  	-0.6606  	-0.8145  	-0.0396  	0.58300  	0.38594  	0.57242  	0.91678  	-0.1702  	-0.3526  	-0.8711  	-1.6364  	-0.5870  	0.52986  	-0.0073  	0.46916  	0.52229  	0.34687  	-0.1873  	0.38421  	0.27682  	0.30713  	0.19153  	0.19494  	-0.2681  	-0.4754  	-0.5383  	-0.0610  	-0.1506  	0.31607  	-0.2065  	-0.3552  	0.04972  	0.29822  	-0.0173  	-0.0242  	0.11436  	0.20854  	-0.1962  	0.10544  	-0.0304  	-0.0102  	-0.0058  	-0.0181  	0.00789  	0.00081  	-0.0647  	-0.1024  	-0.0273  	-0.0277  	-0.0082  	-0.0010  	-0.0041  	0.00638  	0.01593  	0.01805  	-0.0274  	-0.0015  	0.00025  	0.06063  	-0.0023  	-0.0138  	0.14240  	-0.1866  	0.02538  	-0.0157  	1.16216  	1.25816  	121.627  	111.374  	
-0.8137  	-0.1147  	-0.1326  	-1.1334  	-0.6618  	-0.7608  	-0.0291  	0.55687  	0.42200  	0.50305  	0.82252  	-0.1390  	-0.3857  	-0.9945  	-1.6682  	-0.5316  	0.55387  	-0.0165  	0.49017  	0.48073  	0.30680  	-0.2144  	0.44343  	0.25654  	0.32013  	0.19395  	0.22385  	-0.2866  	-0.4335  	-0.5115  	-0.0595  	-0.1418  	0.31303  	-0.2191  	-0.3853  	0.05570  	0.30098  	-0.0340  	-0.0257  	0.14696  	0.23288  	-0.1950  	0.12598  	0.00559  	-0.0020  	-0.0019  	-0.0209  	0.00657  	0.01162  	-0.0612  	-0.1005  	-0.0309  	-0.0263  	-0.0022  	0.00161  	0.00606  	0.00023  	0.01136  	0.01658  	-0.0299  	-0.0016  	0.00322  	0.06179  	-0.0056  	-0.0138  	0.14240  	-0.1866  	0.02538  	-0.0157  	1.16216  	1.25816  	121.627  	111.374  	
-0.4702  	-0.0798  	-0.0353  	-0.7821  	-0.4893  	-0.5843  	-0.0751  	0.59190  	0.39268  	0.50997  	0.69012  	0.03428  	-0.3300  	-0.9549  	-1.5918  	-0.3555  	0.54846  	0.00155  	0.47629  	0.54094  	0.23376  	-0.2375  	0.30153  	0.29227  	0.37444  	0.15236  	0.25679  	-0.2079  	-0.4563  	-0.4617  	-0.0964  	-0.1088  	0.29569  	-0.2283  	-0.3206  	0.07710  	0.27362  	-0.0421  	-0.0271  	0.17230  	0.17304  	-0.1956  	0.12072  	-0.0106  	-0.0196  	0.00463  	-0.0244  	0.02082  	0.02312  	-0.0616  	-0.0882  	-0.0284  	-0.0248  	-0.0071  	0.00933  	0.00685  	0.01050  	0.01145  	0.01776  	-0.0366  	-0.0103  	-0.0025  	0.06229  	-0.0073  	-0.0138  	0.14240  	-0.1866  	0.02538  	-0.0157  	1.16216  	1.25816  	121.627  	111.374  	
-0.4270  	-0.0511  	0.03028  	-0.6881  	-0.3926  	-0.5616  	-0.0338  	0.63049  	0.41900  	0.55000  	0.68918  	0.03525  	-0.3116  	-0.8976  	-1.5565  	-0.2499  	0.51050  	0.01876  	0.50457  	0.51977  	0.21870  	-0.2036  	0.20843  	0.28630  	0.47109  	0.12289  	0.30237  	-0.1843  	-0.4031  	-0.4344  	-0.1207  	-0.0854  	0.29524  	-0.2308  	-0.3053  	0.13971  	0.25936  	-0.0196  	-0.0092  	0.17124  	0.15077  	-0.1756  	0.12619  	-0.0136  	-0.0150  	0.00392  	-0.0275  	0.03533  	0.03174  	-0.0754  	-0.0781  	-0.0329  	-0.0184  	-0.0082  	0.01072  	0.00603  	0.01016  	0.00976  	0.02424  	-0.0260  	-0.0070  	-0.0154  	0.06482  	-0.0064  	-0.0138  	0.14240  	-0.1866  	0.02538  	-0.0157  	1.16216  	1.25816  	121.627  	111.374  	
-0.4506  	-0.0447  	0.00452  	-0.6819  	-0.4078  	-0.5085  	-0.0351  	0.56299  	0.37902  	0.46730  	0.61563  	-0.0864  	-0.3682  	-0.8453  	-1.4563  	-0.3963  	0.56275  	-0.0440  	0.48956  	0.49058  	0.27920  	-0.1806  	0.27271  	0.33437  	0.50272  	0.10690  	0.35446  	-0.2317  	-0.4001  	-0.4030  	-0.1383  	-0.0803  	0.27073  	-0.2151  	-0.2553  	0.14379  	0.29169  	-0.0291  	-0.0224  	0.14942  	0.13552  	-0.1812  	0.12463  	-0.0206  	-0.0095  	0.00478  	-0.0364  	0.02472  	0.03068  	-0.0700  	-0.0709  	-0.0330  	-0.0193  	-0.0095  	0.01143  	0.01538  	0.01715  	0.01558  	0.02315  	-0.0232  	-0.0113  	-0.0122  	0.06825  	-0.0118  	-0.0138  	0.14240  	-0.1866  	0.02538  	-0.0157  	1.16216  	1.25816  	121.627  	111.374  	
-0.4260  	-0.0360  	0.02271  	-0.6866  	-0.4685  	-0.4772  	-0.0559  	0.60818  	0.36437  	0.42869  	0.69128  	-0.1260  	-0.3719  	-0.8269  	-1.4413  	-0.3761  	0.55347  	-0.0761  	0.49574  	0.48450  	0.38225  	-0.1618  	0.30596  	0.36478  	0.47468  	0.11175  	0.36107  	-0.3388  	-0.4942  	-0.4493  	-0.1293  	-0.0812  	0.26881  	-0.2170  	-0.2138  	0.11357  	0.36641  	-0.0028  	-0.0560  	0.13226  	0.13063  	-0.1871  	0.09905  	-0.0224  	-0.0018  	0.00317  	-0.0384  	0.01832  	0.02118  	-0.0635  	-0.0733  	-0.0283  	-0.0198  	-0.0123  	0.00972  	0.01503  	0.01435  	0.01355  	0.02114  	-0.0283  	-0.0141  	-0.0105  	0.06400  	-0.0130  	-0.0138  	0.14240  	-0.1866  	0.02538  	-0.0157  	1.16216  	1.25816  	121.627  	111.374  	
-0.3647  	-0.0623  	0.04327  	-0.7824  	-0.4683  	-0.4680  	-0.0328  	0.61251  	0.40202  	0.48772  	0.78468  	-0.0625  	-0.3341  	-0.8770  	-1.5175  	-0.2964  	0.50134  	-0.0187  	0.49736  	0.47738  	0.34005  	-0.1758  	0.27921  	0.32880  	0.42631  	0.10941  	0.32073  	-0.2961  	-0.4854  	-0.4671  	-0.1277  	-0.0809  	0.28783  	-0.2186  	-0.2131  	0.12974  	0.35060  	-0.0038  	-0.0549  	0.16106  	0.16433  	-0.1722  	0.11061  	-0.0225  	-0.0086  	0.00144  	-0.0313  	0.01674  	0.02064  	-0.0742  	-0.0793  	-0.0269  	-0.0190  	-0.0078  	0.00923  	0.01193  	0.00941  	0.00860  	0.01936  	-0.0235  	-0.0105  	-0.0122  	0.06424  	-0.0082  	-0.0138  	0.14240  	-0.1866  	0.02538  	-0.0157  	1.16216  	1.25816  	121.627  	111.374  	
-0.4005  	-0.0645  	0.07486  	-0.9214  	-0.5320  	-0.4948  	-0.0134  	0.59828  	0.42618  	0.51441  	0.73512  	-0.0860  	-0.3168  	-0.8970  	-1.6374  	-0.2992  	0.51116  	0.02990  	0.47898  	0.52412  	0.23687  	-0.2153  	0.26448  	0.27185  	0.39068  	0.13462  	0.24914  	-0.1986  	-0.4088  	-0.4821  	-0.0985  	-0.1033  	0.31398  	-0.2077  	-0.2752  	0.13399  	0.27361  	-0.0315  	-0.0072  	0.19254  	0.19682  	-0.1812  	0.12959  	-0.0202  	-0.0186  	0.00492  	-0.0276  	0.02597  	0.02842  	-0.0568  	-0.0747  	-0.0319  	-0.0236  	-0.0079  	0.00658  	0.00932  	0.00685  	0.00899  	0.01698  	-0.0256  	-0.0072  	-0.0016  	0.06018  	-0.0041  	-0.0138  	0.14240  	-0.1866  	0.02538  	-0.0157  	1.16216  	1.25816  	121.627  	111.374  	
-0.6223  	-0.0995  	-0.0748  	-1.0449  	-0.6158  	-0.6039  	-0.0211  	0.55197  	0.39253  	0.47090  	0.74348  	-0.1717  	-0.3391  	-0.9519  	-1.6046  	-0.4098  	0.55787  	-0.0432  	0.50153  	0.46768  	0.31450  	-0.2355  	0.28219  	0.33675  	0.43943  	0.14653  	0.30130  	-0.2446  	-0.4546  	-0.4893  	-0.0805  	-0.0949  	0.28703  	-0.2269  	-0.2658  	0.15066  	0.32498  	-0.0386  	-0.0558  	0.16251  	0.18954  	-0.1866  	0.10291  	-0.0173  	0.00205  	-0.0056  	-0.0271  	-0.0050  	0.01540  	-0.0595  	-0.0808  	-0.0284  	-0.0229  	-0.0088  	0.00503  	0.00670  	0.00533  	0.01218  	0.02455  	-0.0242  	-0.0129  	-0.0056  	0.05832  	-0.0014  	-0.0138  	0.14240  	-0.1866  	0.02538  	-0.0157  	1.16216  	1.25816  	121.627  	111.374  	
-0.4027  	-0.0127  	-0.0150  	-0.7958  	-0.4835  	-0.4349  	-0.1065  	0.70686  	0.38308  	0.35580  	0.76084  	-0.0290  	-0.3251  	-0.7738  	-1.1609  	-0.4918  	0.58410  	-0.1119  	0.50081  	0.47945  	0.55478  	-0.2160  	0.32520  	0.46226  	0.29335  	0.14791  	0.44003  	-0.5015  	-0.6976  	-0.5114  	-0.0975  	-0.0826  	0.30738  	-0.2409  	-0.0690  	-0.0237  	0.46915  	0.02676  	-0.1353  	0.16534  	0.10369  	-0.1969  	0.06971  	-0.0446  	-0.0173  	-0.0008  	-0.0259  	0.01099  	0.00677  	-0.0532  	-0.0778  	-0.0309  	-0.0190  	-0.0168  	-0.0059  	0.01551  	-0.0026  	-0.0051  	0.01273  	-0.0179  	-0.0022  	-0.0127  	0.06223  	-0.0058  	-0.0138  	0.14240  	-0.1866  	0.02538  	-0.0157  	1.16216  	1.25816  	121.627  	111.374  	
0.00927  	0.02507  	0.18326  	-0.4084  	-0.3223  	-0.3402  	0.00358  	0.73471  	0.45651  	0.46573  	0.30020  	-0.0636  	-0.0479  	-0.3363  	-0.8764  	-0.5902  	0.54052  	-0.1501  	0.44431  	0.37265  	0.40006  	-0.1184  	0.34939  	0.42255  	0.32914  	0.13570  	0.41885  	-0.5740  	-0.5428  	-0.4364  	-0.0733  	-0.1129  	0.33763  	-0.2107  	-0.1392  	-0.0677  	0.32052  	-0.0517  	0.00316  	0.20817  	0.08825  	-0.1785  	0.11386  	0.01393  	-0.0171  	-0.0002  	-0.0316  	0.05250  	0.03236  	-0.0616  	-0.0774  	-0.0341  	-0.0299  	-0.0143  	0.00097  	0.02151  	-2.7865  	0.00513  	0.01272  	-0.0223  	-0.0015  	0.01637  	0.04132  	-0.0179  	-0.0138  	0.14240  	-0.1866  	0.02538  	-0.0157  	1.16216  	1.25816  	121.627  	111.374  	
0.15699  	0.14554  	0.31418  	-0.4652  	-0.2920  	-0.2227  	0.09723  	0.82016  	0.52432  	0.50311  	0.10928  	-0.1834  	0.00762  	-0.0932  	-0.7450  	-0.6838  	0.53993  	-0.1781  	0.43729  	0.22663  	0.34899  	0.03555  	0.49558  	0.32454  	0.51032  	0.09049  	0.46295  	-0.4980  	-0.3401  	-0.3694  	-0.0631  	-0.1300  	0.34275  	-0.2083  	-0.2742  	-0.0782  	0.30083  	-0.0716  	0.04108  	0.19398  	0.10889  	-0.1646  	0.15868  	0.00584  	-0.0361  	-0.0001  	-0.0560  	0.08304  	0.06345  	-0.0717  	-0.0766  	-0.0269  	-0.0225  	-0.0140  	-0.0006  	0.03525  	-0.0118  	-0.0008  	0.01495  	-0.0147  	0.00210  	0.01683  	0.05737  	-0.0155  	-0.0138  	0.14240  	-0.1866  	0.02538  	-0.0157  	1.16216  	1.25816  	121.627  	111.374  	
-0.3262  	0.07712  	0.05015  	-0.7259  	-0.4903  	-0.4902  	0.02276  	0.66952  	0.43603  	0.44759  	0.34813  	-0.2885  	-0.1583  	-0.4622  	-1.0031  	-0.7061  	0.59441  	-0.1963  	0.41873  	0.34928  	0.43736  	-0.0849  	0.43370  	0.49220  	0.49529  	0.12723  	0.64252  	-0.6083  	-0.5386  	-0.3645  	-0.0833  	-0.1117  	0.29198  	-0.2129  	-0.1338  	-0.0496  	0.39117  	-0.0580  	-0.0733  	0.20784  	0.07158  	-0.1387  	0.07471  	-0.0253  	-0.0223  	-0.0045  	-0.0338  	0.06522  	0.01783  	-0.0744  	-0.0976  	-0.0322  	-0.0327  	-0.0114  	-0.0108  	0.01551  	-0.0071  	0.00593  	0.01261  	-0.0254  	-0.0030  	-0.0107  	0.04122  	-0.0191  	-0.0138  	0.14240  	-0.1866  	0.02538  	-0.0157  	1.16216  	1.25816  	121.627  	111.374  	
-0.1858  	0.01736  	0.14886  	-0.5292  	-0.4308  	-0.2582  	-0.1111  	0.79100  	0.45637  	0.26983  	0.61643  	-0.0319  	-0.2386  	-0.5745  	-1.0721  	-0.4384  	0.61188  	-0.1975  	0.50907  	0.39059  	0.63985  	-0.1432  	0.40152  	0.52551  	0.24041  	0.15297  	0.46489  	-0.6329  	-0.7108  	-0.4932  	-0.1138  	-0.0701  	0.30853  	-0.2277  	-0.1044  	-0.0942  	0.50694  	0.02021  	-0.1170  	0.10879  	0.09695  	-0.1810  	0.10060  	-0.0030  	-0.0091  	0.00270  	-0.0352  	0.02573  	0.03199  	-0.0418  	-0.0992  	-0.0291  	-0.0175  	-0.0160  	0.00282  	0.00875  	-0.0145  	0.00882  	0.01871  	-0.0137  	-0.0022  	-0.0069  	0.06052  	-0.0057  	-0.0138  	0.14240  	-0.1866  	0.02538  	-0.0157  	1.16216  	1.25816  	121.627  	111.374  	
0.03314  	0.11593  	0.24596  	-0.6636  	-0.4654  	-0.3064  	-0.0139  	0.83190  	0.50412  	0.34248  	0.64055  	-0.0271  	-0.2143  	-0.5001  	-1.1321  	-0.3235  	0.54911  	-0.1350  	0.48089  	0.42414  	0.59535  	-0.1572  	0.33996  	0.42247  	0.36828  	0.11748  	0.47038  	-0.5232  	-0.6634  	-0.4776  	-0.1143  	-0.0661  	0.35649  	-0.2168  	-0.1067  	-0.0724  	0.45916  	0.01282  	-0.0644  	0.13542  	0.08247  	-0.1772  	0.11940  	-0.0163  	-0.0201  	0.00370  	-0.0399  	0.04700  	0.03803  	-0.0679  	-0.0778  	-0.0299  	-0.0240  	-0.0128  	0.00261  	0.02575  	-0.0034  	0.00327  	0.01591  	-0.0191  	-0.0044  	-0.0033  	0.05727  	-0.0110  	-0.0138  	0.14240  	-0.1866  	0.02538  	-0.0157  	1.16216  	1.25816  	121.627  	111.374  	
0.07931  	0.14237  	0.36555  	-0.8064  	-0.5544  	-0.2998  	0.05210  	0.93986  	0.55186  	0.37904  	0.84227  	0.12837  	-0.2586  	-0.5224  	-1.3928  	-0.2195  	0.53526  	-0.0841  	0.52318  	0.43048  	0.61672  	-0.1566  	0.39740  	0.31505  	0.34293  	0.08503  	0.29883  	-0.4740  	-0.6348  	-0.5452  	-0.1145  	-0.0962  	0.39234  	-0.2366  	-0.2133  	-0.1173  	0.51882  	0.02684  	-0.0399  	0.10982  	0.14263  	-0.2050  	0.15537  	0.00327  	-0.0240  	0.00351  	-0.0394  	0.06225  	0.05045  	-0.0672  	-0.0992  	-0.0298  	-0.0222  	-0.0105  	-0.0072  	0.03467  	-0.0101  	0.00299  	0.00920  	-0.0225  	-0.0013  	0.01009  	0.06606  	-0.0186  	-0.0138  	0.14240  	-0.1866  	0.02538  	-0.0157  	1.16216  	1.25816  	121.627  	111.374  	
-0.0867  	0.12877  	0.32472  	-0.8314  	-0.5574  	-0.4002  	0.02312  	0.85807  	0.57074  	0.51249  	0.82565  	0.09295  	-0.2400  	-0.3404  	-1.3082  	-0.2245  	0.55883  	-0.1830  	0.50145  	0.56535  	0.61712  	-0.1422  	0.27292  	0.39401  	0.39335  	0.09053  	0.34260  	-0.5213  	-0.6019  	-0.5515  	-0.1079  	-0.0914  	0.40135  	-0.2157  	-0.1460  	-0.0926  	0.48061  	-0.0138  	-0.0293  	0.21100  	0.13500  	-0.1958  	0.10361  	0.00678  	-0.0111  	0.01601  	-0.0288  	0.05707  	0.02968  	-0.0641  	-0.0647  	-0.0193  	-0.0381  	-0.0139  	-0.0106  	0.01908  	-0.0146  	-0.0023  	0.02477  	-0.0242  	-0.0011  	0.00448  	0.05720  	-0.0139  	-0.0138  	0.14240  	-0.1866  	0.02538  	-0.0157  	1.16216  	1.25816  	121.627  	111.374  	
-0.7417  	-0.0879  	-0.1310  	-0.8446  	-0.4125  	-0.6300  	-0.0346  	0.68346  	0.41776  	0.48578  	0.85352  	0.02668  	-0.3297  	-0.7410  	-1.2495  	-0.5236  	0.54078  	-0.0844  	0.47746  	0.52607  	0.53212  	-0.2225  	0.32896  	0.33817  	0.25754  	0.13088  	0.33229  	-0.4332  	-0.5888  	-0.5277  	-0.0654  	-0.1339  	0.36942  	-0.2221  	-0.1605  	-0.0845  	0.42196  	-0.0178  	-0.1057  	0.12718  	0.15359  	-0.1903  	0.05612  	-0.0268  	0.00029  	0.01632  	-0.0213  	-0.0022  	-0.0130  	-0.0471  	-0.0967  	-0.0333  	-0.0378  	-0.0261  	-0.0005  	0.01118  	0.00327  	0.01083  	0.01093  	-0.0125  	0.00125  	-0.0031  	0.04771  	-0.0094  	-0.0138  	0.14240  	-0.1866  	0.02538  	-0.0157  	1.16216  	1.25816  	121.627  	111.374  	
-0.4971  	-0.1085  	-0.0199  	-0.9506  	-0.5301  	-0.5109  	-0.0393  	0.63385  	0.45234  	0.36288  	0.76182  	-0.1429  	-0.3554  	-0.8492  	-1.4923  	-0.4088  	0.58080  	-0.0328  	0.49628  	0.43572  	0.37984  	-0.2395  	0.38752  	0.35823  	0.36338  	0.14777  	0.29012  	-0.3252  	-0.5226  	-0.4749  	-0.1043  	-0.0975  	0.32016  	-0.2167  	-0.2798  	0.03222  	0.35539  	-0.0151  	-0.0586  	0.14751  	0.19491  	-0.1845  	0.09606  	-0.0285  	-0.0112  	0.01011  	-0.0234  	0.01031  	0.01005  	-0.0471  	-0.0973  	-0.0261  	-0.0267  	-0.0046  	0.00815  	0.01053  	0.00471  	0.00754  	0.01697  	-0.0174  	-0.0082  	-0.0048  	0.06229  	-0.0028  	-0.0138  	0.14240  	-0.1866  	0.02538  	-0.0157  	1.16216  	1.25816  	121.627  	111.374  	
-0.2759  	-0.0655  	0.11684  	-0.7710  	-0.5114  	-0.4138  	-0.0225  	0.67730  	0.47118  	0.41347  	0.64691  	0.00663  	-0.2524  	-0.8309  	-1.5153  	-0.3036  	0.57321  	-0.0038  	0.49649  	0.53707  	0.29932  	-0.2426  	0.25349  	0.31013  	0.32646  	0.15620  	0.24658  	-0.2149  	-0.4911  	-0.4848  	-0.0846  	-0.0953  	0.32684  	-0.2204  	-0.2605  	0.04685  	0.28865  	-0.0269  	-0.0142  	0.16629  	0.20125  	-0.1928  	0.12352  	-0.0150  	-0.0137  	0.00874  	-0.0230  	0.03954  	0.01775  	-0.0686  	-0.0819  	-0.0252  	-0.0219  	-0.0221  	0.00336  	0.00836  	0.00624  	-0.0017  	0.01677  	-0.0266  	-0.0032  	-0.0091  	0.05762  	-0.0092  	-0.0138  	0.14240  	-0.1866  	0.02538  	-0.0157  	1.16216  	1.25816  	121.627  	111.374  	
-0.1587  	-0.0027  	0.15430  	-0.5777  	-0.3723  	-0.3764  	-0.0250  	0.66118  	0.44994  	0.42977  	0.60678  	0.01328  	-0.2476  	-0.6945  	-1.3489  	-0.3131  	0.51723  	-0.0355  	0.47503  	0.55443  	0.39028  	-0.2107  	0.19281  	0.36929  	0.38970  	0.12383  	0.33893  	-0.2882  	-0.5160  	-0.4814  	-0.1316  	-0.0857  	0.34411  	-0.2104  	-0.1738  	0.03518  	0.32107  	-0.0281  	-0.0415  	0.17991  	0.12599  	-0.1682  	0.12504  	-0.0217  	-0.0095  	-0.0026  	-0.0209  	0.03554  	0.03717  	-0.0711  	-0.0761  	-0.0313  	-0.0309  	-0.0090  	0.00250  	0.01209  	0.00911  	0.00537  	0.02106  	-0.0223  	-0.0108  	-0.0097  	0.05506  	-0.0141  	-0.0138  	0.14240  	-0.1866  	0.02538  	-0.0157  	1.16216  	1.25816  	121.627  	111.374  	
-0.0937  	0.02933  	0.13822  	-0.3647  	-0.2715  	-0.3220  	-0.0407  	0.70397  	0.44822  	0.34279  	0.38206  	-0.0457  	-0.1922  	-0.5365  	-1.0413  	-0.4535  	0.55399  	-0.1345  	0.48030  	0.40395  	0.44980  	-0.1396  	0.31294  	0.38285  	0.44675  	0.09537  	0.41512  	-0.4419  	-0.5282  	-0.4043  	-0.1212  	-0.0803  	0.31061  	-0.2045  	-0.1381  	-0.0600  	0.38292  	-0.0164  	-0.0392  	0.17033  	0.08318  	-0.1605  	0.12160  	-0.0285  	-0.0134  	-0.0020  	-0.0343  	0.03965  	0.04740  	-0.0677  	-0.0833  	-0.0293  	-0.0316  	-0.0150  	0.00374  	0.01667  	0.01178  	0.00735  	0.02170  	-0.0248  	-0.0123  	-0.0064  	0.06915  	-0.0048  	-0.0138  	0.14240  	-0.1866  	0.02538  	-0.0157  	1.16216  	1.25816  	121.627  	111.374  	
-0.2911  	0.03158  	0.08006  	-0.6036  	-0.3796  	-0.3983  	-0.0236  	0.65090  	0.45051  	0.41435  	0.51874  	0.00571  	-0.2255  	-0.6701  	-1.3335  	-0.3782  	0.51686  	-0.0210  	0.49142  	0.51249  	0.34139  	-0.2156  	0.26155  	0.27130  	0.42995  	0.11526  	0.27342  	-0.2664  	-0.4121  	-0.4263  	-0.1164  	-0.1104  	0.34851  	-0.2051  	-0.2233  	0.04714  	0.28243  	-0.0296  	-0.0046  	0.17513  	0.16458  	-0.1875  	0.11866  	-0.0150  	-0.0172  	0.00157  	-0.0301  	0.03381  	0.02455  	-0.0657  	-0.0832  	-0.0296  	-0.0252  	-0.0063  	0.00246  	0.01163  	0.00647  	0.00389  	0.02505  	-0.0233  	-0.0084  	-0.0019  	0.06916  	-0.0105  	-0.0138  	0.14240  	-0.1866  	0.02538  	-0.0157  	1.16216  	1.25816  	121.627  	111.374  	
-0.5971  	-0.0991  	-0.0333  	-0.9820  	-0.5940  	-0.5622  	-0.0882  	0.67599  	0.37335  	0.42539  	0.77456  	-0.0775  	-0.2702  	-0.9525  	-1.4087  	-0.4941  	0.64978  	-0.1815  	0.54549  	0.28678  	0.40910  	-0.4530  	0.03696  	0.35958  	0.32446  	0.25903  	0.26972  	-0.3313  	-0.3669  	-0.5274  	0.03926  	-0.1501  	0.19698  	-0.3893  	-0.3615  	0.03288  	0.22502  	-0.0342  	-0.1325  	0.08741  	0.25978  	-0.0385  	-0.0233  	0.04199  	-0.0692  	0.02117  	-0.0404  	0.02828  	-0.0035  	-0.0626  	-0.0909  	-0.0197  	-0.0235  	0.00650  	0.01181  	0.00011  	-0.0023  	0.00172  	0.01825  	-0.0203  	-0.0047  	-0.0036  	0.03655  	3.02866  	-0.0138  	0.14240  	-0.1866  	0.02538  	-0.0157  	1.16216  	1.25816  	121.627  	111.374  	
-0.2535  	0.02278  	0.13001  	-0.6207  	-0.3499  	-0.5214  	-0.0818  	0.85449  	0.42457  	0.33912  	0.67020  	0.01090  	-0.1341  	-0.7203  	-1.0409  	-0.5470  	0.70355  	-0.4096  	0.57084  	-0.0033  	0.61433  	-0.6091  	-0.1551  	0.48927  	0.17112  	0.32631  	0.39459  	-0.5565  	-0.4864  	-0.5358  	0.11817  	-0.1752  	0.17740  	-0.5129  	-0.2387  	-0.1143  	0.23011  	-0.0422  	-0.3092  	0.01824  	0.26969  	0.05245  	-0.1222  	0.10416  	-0.1381  	0.02502  	-0.0630  	0.04695  	0.00343  	-0.0971  	-0.0793  	-0.0235  	-0.0251  	0.01740  	0.00114  	0.00734  	-0.0125  	-0.0149  	0.01863  	-0.0082  	0.00365  	0.00205  	0.01719  	-0.0106  	-0.0138  	0.14240  	-0.1866  	0.02538  	-0.0157  	1.16216  	1.25816  	121.627  	111.374  	
0.09129  	0.14506  	0.39288  	-0.4387  	-0.3835  	-0.3471  	-0.0215  	0.93553  	0.46103  	0.39827  	0.38084  	-0.0474  	0.01462  	-0.3877  	-0.7521  	-0.6818  	0.75135  	-0.4780  	0.61537  	-0.1456  	0.65867  	-0.5455  	-0.1316  	0.39071  	0.26158  	0.30974  	0.44258  	-0.7121  	-0.3592  	-0.4830  	0.14024  	-0.1949  	0.15300  	-0.5421  	-0.3100  	-0.1395  	0.18545  	-0.0225  	-0.2568  	0.02149  	0.25705  	0.08654  	-0.1123  	0.14524  	-0.1472  	0.04194  	-0.0887  	0.11683  	0.01283  	-0.0922  	-0.0731  	-0.0174  	-0.0255  	0.02062  	0.02046  	0.02490  	-0.0100  	-0.0155  	0.01292  	-0.0078  	0.01227  	-0.0055  	0.01720  	-0.0168  	-0.0138  	0.14240  	-0.1866  	0.02538  	-0.0157  	1.16216  	1.25816  	121.627  	111.374  	
-0.2302  	0.10170  	0.20045  	-0.5260  	-0.3701  	-0.4106  	-0.0915  	0.89418  	0.43629  	0.30374  	0.64556  	-0.0007  	-0.1403  	-0.5865  	-0.9557  	-0.5975  	0.73699  	-0.4659  	0.60738  	-0.0954  	0.71429  	-0.5423  	-0.0607  	0.44393  	0.26118  	0.29782  	0.43726  	-0.7044  	-0.4953  	-0.5139  	0.11064  	-0.1735  	0.15835  	-0.5230  	-0.2578  	-0.1413  	0.29617  	0.00172  	-0.2964  	0.00182  	0.25439  	0.07105  	-0.0899  	0.12531  	-0.1325  	0.04753  	-0.0758  	0.06172  	-0.0006  	-0.0812  	-0.0823  	-0.0216  	-0.0286  	0.02022  	0.00627  	0.01596  	-0.0071  	-0.0186  	0.02219  	-0.0065  	0.00672  	3.78340  	0.02918  	-0.0124  	-0.0138  	0.14240  	-0.1866  	0.02538  	-0.0157  	1.16216  	1.25816  	121.627  	111.374  	
-0.3153  	-0.0315  	0.10739  	-0.6480  	-0.3958  	-0.4566  	-0.0662  	0.69807  	0.42303  	0.34369  	0.62347  	-0.0437  	-0.2777  	-0.8218  	-1.2128  	-0.4258  	0.64370  	-0.1969  	0.55271  	0.23433  	0.47425  	-0.4154  	0.08222  	0.39998  	0.29315  	0.23419  	0.34832  	-0.4396  	-0.4207  	-0.4852  	-0.0051  	-0.1286  	0.21391  	-0.3733  	-0.2635  	-0.0030  	0.28559  	-0.0037  	-0.1975  	0.06799  	0.21979  	-0.0477  	-0.0104  	0.06720  	-0.0677  	0.01930  	-0.0489  	0.03196  	0.01033  	-0.0809  	-0.0776  	-0.0251  	-0.0242  	0.00548  	0.01207  	0.00955  	0.00115  	-0.0062  	0.01780  	-0.0185  	-0.0046  	-0.0102  	0.04688  	-0.0062  	-0.0138  	0.14240  	-0.1866  	0.02538  	-0.0157  	1.16216  	1.25816  	121.627  	111.374  	
-0.2944  	-0.0495  	0.03783  	-0.6741  	-0.3755  	-0.4517  	0.01689  	0.59852  	0.41467  	0.51258  	0.62886  	-0.0146  	-0.3132  	-0.8224  	-1.4622  	-0.3187  	0.49806  	0.02534  	0.47630  	0.57563  	0.22631  	-0.2119  	0.21249  	0.29255  	0.41826  	0.11721  	0.27144  	-0.1495  	-0.3725  	-0.4545  	-0.1320  	-0.1026  	0.30335  	-0.2012  	-0.2563  	0.11371  	0.25267  	-0.0550  	-0.0006  	0.19897  	0.17487  	-0.1743  	0.11806  	-0.0130  	-0.0051  	0.00173  	-0.0335  	0.03368  	0.02512  	-0.0550  	-0.0785  	-0.0306  	-0.0224  	-0.0137  	0.00980  	0.01512  	0.01618  	0.00994  	0.01603  	-0.0216  	-0.0110  	-0.0101  	0.05981  	-0.0112  	-0.0138  	0.14240  	-0.1866  	0.02538  	-0.0157  	1.16216  	1.25816  	121.627  	111.374  	
-0.1692  	-0.0091  	0.12783  	-0.6168  	-0.3737  	-0.3604  	-0.0317  	0.63923  	0.41303  	0.45470  	0.62798  	-0.1331  	-0.2542  	-0.6612  	-1.1810  	-0.3871  	0.53098  	-0.1109  	0.50337  	0.44537  	0.50033  	-0.1062  	0.25845  	0.42988  	0.32297  	0.11449  	0.45678  	-0.4960  	-0.6745  	-0.4729  	-0.1367  	-0.0334  	0.31141  	-0.2467  	-0.0616  	0.03494  	0.45947  	-0.0257  	-0.1330  	0.19764  	0.12018  	-0.1590  	0.07013  	-0.0117  	-0.0053  	-0.0054  	-0.0203  	0.00860  	0.03818  	-0.0715  	-0.0939  	-0.0367  	-0.0358  	-0.0143  	-0.0051  	0.00489  	0.00423  	0.00753  	0.01202  	-0.0183  	-0.0072  	-0.0032  	0.04879  	-0.0201  	-0.0138  	0.14240  	-0.1866  	0.02538  	-0.0157  	1.16216  	1.25816  	121.627  	111.374  	
0.15075  	0.14839  	0.25239  	-0.3420  	-0.3504  	-0.2515  	0.04046  	0.77606  	0.50233  	0.50182  	0.41703  	-0.0974  	-0.0856  	-0.3192  	-0.8024  	-0.5759  	0.53567  	-0.1141  	0.49171  	0.36257  	0.44290  	-0.0711  	0.38453  	0.35502  	0.44280  	0.09484  	0.42693  	-0.5302  	-0.4609  	-0.4070  	-0.1178  	-0.1186  	0.30227  	-0.2149  	-0.1467  	-0.0520  	0.30950  	-0.0332  	0.01121  	0.20430  	0.10827  	-0.1820  	0.13784  	0.00755  	-0.0268  	-0.0079  	-0.0389  	0.06603  	0.05812  	-0.0685  	-0.0822  	-0.0353  	-0.0221  	-0.0145  	0.00861  	0.02569  	0.00465  	0.01382  	0.00149  	-0.0221  	-0.0088  	0.00348  	0.05340  	-0.0220  	-0.0138  	0.14240  	-0.1866  	0.02538  	-0.0157  	1.16216  	1.25816  	121.627  	111.374  	
0.03498  	0.17244  	0.21990  	-0.7488  	-0.3780  	-0.2862  	0.08228  	0.80572  	0.51245  	0.59388  	0.19806  	-0.3620  	0.00908  	-0.1003  	-0.8640  	-0.6916  	0.54695  	-0.1571  	0.50401  	0.12324  	0.34830  	0.00187  	0.46310  	0.38190  	0.55702  	0.10133  	0.57917  	-0.5622  	-0.3610  	-0.3525  	-0.0382  	-0.1406  	0.32207  	-0.2125  	-0.1886  	-0.0429  	0.26055  	-0.0813  	-0.0104  	0.21810  	0.06604  	-0.1597  	0.16415  	-0.0075  	-0.0538  	-0.0053  	-0.0427  	0.06688  	0.06111  	-0.0641  	-0.0852  	-0.0276  	-0.0251  	-0.0103  	-0.0009  	0.02634  	-0.0098  	0.00569  	0.00676  	-0.0151  	0.00437  	0.02015  	0.06534  	-0.0167  	-0.0138  	0.14240  	-0.1866  	0.02538  	-0.0157  	1.16216  	1.25816  	121.627  	111.374  	
-0.7089  	-0.0608  	-0.2158  	-0.9958  	-0.4185  	-0.7759  	-0.0305  	0.64435  	0.41605  	0.49739  	0.82649  	-0.0678  	-0.3301  	-0.5912  	-1.2610  	-0.6733  	0.58440  	-0.0816  	0.46347  	0.50040  	0.50568  	-0.2358  	0.34347  	0.51097  	0.28935  	0.17353  	0.38194  	-0.5094  	-0.6682  	-0.5057  	-0.0592  	-0.0629  	0.35816  	-0.2328  	-0.1519  	-0.0951  	0.41820  	-0.0162  	-0.0987  	0.22091  	0.09518  	-0.1479  	0.05547  	-0.0387  	-0.0049  	0.00206  	-0.0194  	-0.0052  	0.02649  	-0.0395  	-0.0934  	-0.0208  	-0.0521  	-0.0038  	-0.0059  	-0.0050  	0.00639  	0.00102  	0.02006  	-0.0307  	-0.0136  	-0.0043  	0.05281  	-0.0180  	-0.0138  	0.14240  	-0.1866  	0.02538  	-0.0157  	1.16216  	1.25816  	121.627  	111.374  	
-0.9241  	-0.1315  	-0.0617  	-1.3011  	-0.6347  	-0.8691  	-0.1198  	0.62280  	0.40289  	0.56423  	0.98797  	-0.1555  	-0.3859  	-0.8640  	-1.4817  	-0.6069  	0.58219  	-0.0786  	0.50456  	0.43246  	0.49265  	-0.2147  	0.34283  	0.36919  	0.29439  	0.17736  	0.36111  	-0.4543  	-0.6580  	-0.5275  	-0.0386  	-0.1143  	0.36508  	-0.2340  	-0.2323  	-0.0695  	0.42491  	-0.0128  	-0.0908  	0.08719  	0.15360  	-0.1847  	0.06767  	-0.0456  	-0.0003  	0.01548  	-0.0180  	-0.0347  	-0.0127  	-0.0467  	-0.1063  	-0.0355  	-0.0321  	-0.0099  	-0.0060  	0.00330  	-0.0022  	0.01083  	0.01079  	-0.0166  	-0.0022  	0.01023  	0.05621  	-0.0074  	-0.0138  	0.14240  	-0.1866  	0.02538  	-0.0157  	1.16216  	1.25816  	121.627  	111.374  	
-0.7051  	-0.1328  	-0.0360  	-1.2483  	-0.6979  	-0.5835  	-0.0327  	0.56871  	0.40159  	0.41212  	0.81218  	-0.2136  	-0.3301  	-0.9677  	-1.6018  	-0.4495  	0.64594  	-0.0075  	0.51700  	0.43783  	0.35659  	-0.2364  	0.32576  	0.32275  	0.41459  	0.16412  	0.33352  	-0.3559  	-0.5571  	-0.4993  	-0.0315  	-0.1356  	0.34208  	-0.2265  	-0.3404  	0.04050  	0.31521  	-0.0214  	-0.0464  	0.11500  	0.23143  	-0.1833  	0.09546  	-0.0359  	0.01551  	0.01200  	-0.0394  	0.00094  	-0.0191  	-0.0315  	-0.0891  	-0.0122  	-0.0387  	-0.0240  	-0.0062  	0.01882  	0.00135  	0.01004  	0.02107  	-0.0122  	-0.0007  	-0.0011  	0.07470  	-0.0046  	-0.0138  	0.14240  	-0.1866  	0.02538  	-0.0157  	1.16216  	1.25816  	121.627  	111.374  	
-0.4875  	-0.0578  	0.07001  	-0.9130  	-0.5690  	-0.5064  	-0.0689  	0.66001  	0.46364  	0.43423  	0.71644  	-0.0912  	-0.3243  	-0.9490  	-1.5707  	-0.3604  	0.58191  	-0.0283  	0.52331  	0.51611  	0.31066  	-0.2336  	0.31750  	0.29723  	0.32578  	0.17617  	0.20906  	-0.2276  	-0.4691  	-0.5251  	-0.0805  	-0.1236  	0.33361  	-0.2243  	-0.2922  	0.04708  	0.30965  	-0.0265  	-0.0186  	0.16042  	0.23499  	-0.2008  	0.13420  	-0.0044  	-0.0009  	0.01298  	-0.0328  	0.02484  	0.01516  	-0.0579  	-0.0735  	-0.0231  	-0.0270  	-0.0182  	0.00820  	0.00927  	0.00605  	-0.0028  	0.01625  	-0.0247  	0.00240  	-0.0111  	0.05667  	0.00148  	-0.0138  	0.14240  	-0.1866  	0.02538  	-0.0157  	1.16216  	1.25816  	121.627  	111.374  	
-0.2085  	-0.0212  	0.16009  	-0.7404  	-0.3829  	-0.4522  	-0.0666  	0.71937  	0.42274  	0.39731  	0.70231  	-0.1351  	-0.2367  	-0.7755  	-1.3256  	-0.3399  	0.52738  	-0.0739  	0.49540  	0.45693  	0.45724  	-0.1749  	0.26794  	0.39631  	0.18604  	0.17220  	0.39831  	-0.4632  	-0.6275  	-0.5269  	-0.1089  	-0.0409  	0.37160  	-0.2414  	-0.0749  	0.01550  	0.40222  	0.00716  	-0.1252  	0.17387  	0.17357  	-0.1779  	0.09923  	-0.0231  	-0.0257  	0.00294  	-0.0049  	0.03012  	0.03468  	-0.0836  	-0.0913  	-0.0335  	-0.0241  	-0.0245  	-0.0151  	0.00290  	0.00247  	0.00614  	0.00900  	-0.0238  	-0.0029  	-0.0172  	0.04500  	-0.0150  	-0.0138  	0.14240  	-0.1866  	0.02538  	-0.0157  	1.16216  	1.25816  	121.627  	111.374  	
0.21647  	0.20746  	0.31887  	-0.4728  	-0.3571  	-0.2432  	0.05323  	0.80910  	0.53076  	0.55820  	0.33638  	-0.0632  	-0.0538  	-0.2721  	-0.8146  	-0.5872  	0.53408  	-0.1725  	0.50378  	0.29072  	0.43831  	-0.0062  	0.46540  	0.31251  	0.45870  	0.11204  	0.43147  	-0.5574  	-0.5200  	-0.4223  	-0.0516  	-0.1384  	0.32604  	-0.2144  	-0.1649  	-0.0713  	0.36247  	-0.0216  	-0.0133  	0.16665  	0.11738  	-0.1889  	0.15261  	0.01191  	-0.0293  	-0.0015  	-0.0484  	0.07983  	0.07435  	-0.0556  	-0.0728  	-0.0313  	-0.0210  	-0.0120  	0.00619  	0.03700  	-0.0047  	0.00733  	-0.0010  	-0.0169  	-0.0102  	0.01753  	0.05925  	-0.0154  	-0.0138  	0.14240  	-0.1866  	0.02538  	-0.0157  	1.16216  	1.25816  	121.627  	111.374  	
-0.1285  	0.07981  	0.16833  	-0.8413  	-0.4742  	-0.4820  	0.06524  	0.72550  	0.47088  	0.61660  	0.40306  	-0.3863  	-0.0525  	-0.2455  	-1.0313  	-0.7279  	0.55491  	-0.2128  	0.46623  	0.31605  	0.39550  	-0.0708  	0.32752  	0.46050  	0.60142  	0.10877  	0.61637  	-0.6118  	-0.5105  	-0.4071  	-0.0310  	-0.1286  	0.30076  	-0.2187  	-0.1256  	-0.0330  	0.34710  	-0.0601  	-0.0098  	0.18928  	0.08766  	-0.1606  	0.11923  	-0.0274  	-0.0225  	-0.0014  	-0.0342  	0.06465  	0.04475  	-0.0487  	-0.0767  	-0.0289  	-0.0380  	-0.0127  	0.00121  	0.01381  	-0.0022  	0.00392  	0.01123  	-0.0238  	0.00272  	0.01044  	0.06701  	-0.0048  	-0.0138  	0.14240  	-0.1866  	0.02538  	-0.0157  	1.16216  	1.25816  	121.627  	111.374  	
-0.6759  	-0.0944  	-0.1686  	-1.0331  	-0.5149  	-0.7995  	-0.0206  	0.65025  	0.44668  	0.53423  	0.90082  	-0.1934  	-0.2798  	-0.6504  	-1.3542  	-0.6423  	0.56959  	-0.1191  	0.45187  	0.50677  	0.55618  	-0.2913  	0.30289  	0.46300  	0.33353  	0.17345  	0.42448  	-0.5146  	-0.6682  	-0.5103  	-0.0438  	-0.1032  	0.35186  	-0.2000  	-0.1016  	-0.0689  	0.44299  	0.00016  	-0.1231  	0.15878  	0.13780  	-0.1581  	0.07035  	-0.0505  	0.01076  	-0.0001  	-0.0085  	-0.0001  	0.01758  	-0.0807  	-0.1064  	-0.0325  	-0.0483  	-0.0054  	-0.0095  	0.00082  	0.00267  	0.00667  	0.00558  	-0.0266  	-0.0034  	0.01172  	0.05653  	-0.0100  	-0.0138  	0.14240  	-0.1866  	0.02538  	-0.0157  	1.16216  	1.25816  	121.627  	111.374  	
-0.8997  	-0.1380  	-0.1497  	-1.2444  	-0.6647  	-0.8719  	-0.0879  	0.60505  	0.40094  	0.56280  	1.00614  	-0.1133  	-0.3875  	-0.8422  	-1.6126  	-0.6208  	0.54937  	-0.0835  	0.47764  	0.51589  	0.45900  	-0.2193  	0.37286  	0.36703  	0.30198  	0.17380  	0.29185  	-0.3507  	-0.5620  	-0.5326  	-0.0618  	-0.1339  	0.32382  	-0.2284  	-0.2793  	-0.0001  	0.37217  	-0.0358  	-0.0580  	0.11261  	0.15276  	-0.1831  	0.08156  	-0.0478  	0.00434  	0.01040  	-0.0221  	-0.0112  	0.00852  	-0.0520  	-0.0984  	-0.0286  	-0.0269  	-0.0106  	-0.0016  	0.00281  	-0.0015  	0.00902  	0.02249  	-0.0211  	-0.0010  	0.00327  	0.05142  	-0.0119  	-0.0138  	0.14240  	-0.1866  	0.02538  	-0.0157  	1.16216  	1.25816  	121.627  	111.374  	
-0.7459  	-0.1607  	-0.0983  	-1.1531  	-0.6638  	-0.8163  	-0.0084  	0.62747  	0.44298  	0.56429  	0.87834  	-0.1427  	-0.2850  	-0.7828  	-1.5366  	-0.5785  	0.60529  	-0.0652  	0.46636  	0.50449  	0.37278  	-0.2105  	0.36274  	0.35192  	0.34247  	0.18482  	0.26949  	-0.4123  	-0.5275  	-0.5349  	-0.0759  	-0.1477  	0.33580  	-0.2307  	-0.3308  	0.00062  	0.30182  	-0.0165  	-0.0392  	0.15058  	0.19408  	-0.1839  	0.09245  	-0.0357  	-0.0020  	0.00077  	-0.0169  	0.01810  	0.01305  	-0.0678  	-0.0945  	-0.0293  	-0.0310  	-0.0084  	0.00081  	-0.0001  	-0.0009  	0.00885  	0.01662  	-0.0258  	0.00023  	0.00465  	0.05322  	-0.0047  	-0.0138  	0.14240  	-0.1866  	0.02538  	-0.0157  	1.16216  	1.25816  	121.627  	111.374  	
-0.2837  	0.02610  	0.24292  	-0.8106  	-0.5730  	-0.4186  	-0.0902  	0.80777  	0.50507  	0.40611  	0.52957  	-0.0513  	-0.1644  	-0.5931  	-1.2762  	-0.4738  	0.57618  	-0.1014  	0.49651  	0.48729  	0.45386  	-0.1441  	0.40041  	0.31581  	0.33844  	0.12587  	0.28379  	-0.3980  	-0.5414  	-0.4978  	-0.0774  	-0.1524  	0.36795  	-0.2140  	-0.2803  	-0.0657  	0.42299  	0.00465  	-0.0487  	0.11900  	0.18679  	-0.2049  	0.15814  	-0.0191  	-0.0188  	0.00420  	-0.0323  	0.04220  	0.02465  	-0.0678  	-0.0955  	-0.0314  	-0.0307  	-0.0057  	0.00083  	0.02403  	-0.0070  	0.00678  	0.01480  	-0.0272  	-0.0065  	0.00666  	0.06234  	-0.0063  	-0.0138  	0.14240  	-0.1866  	0.02538  	-0.0157  	1.16216  	1.25816  	121.627  	111.374  	
-0.5177  	-0.0169  	-0.0095  	-0.9419  	-0.5484  	-0.5989  	-0.0360  	0.62015  	0.44870  	0.52244  	0.68879  	-0.0502  	-0.2908  	-0.7807  	-1.5408  	-0.4825  	0.55195  	0.01874  	0.47728  	0.56793  	0.28922  	-0.2103  	0.29591  	0.23524  	0.33814  	0.16333  	0.17477  	-0.1865  	-0.3651  	-0.4999  	-0.0828  	-0.1397  	0.34045  	-0.2039  	-0.3542  	0.03937  	0.24202  	-0.0339  	0.00074  	0.18855  	0.24380  	-0.1972  	0.15456  	-0.0064  	-0.0213  	-0.0049  	-0.0291  	0.03072  	0.01602  	-0.0803  	-0.0878  	-0.0305  	-0.0306  	-0.0083  	0.00738  	0.01000  	0.00960  	0.00409  	0.01397  	-0.0258  	0.00157  	0.00281  	0.06157  	-0.0020  	-0.0138  	0.14240  	-0.1866  	0.02538  	-0.0157  	1.16216  	1.25816  	121.627  	111.374  	
-0.6288  	-0.0534  	-0.0586  	-0.9398  	-0.5730  	-0.5862  	-0.0616  	0.60805  	0.42656  	0.47464  	0.74897  	-0.1036  	-0.3538  	-0.8573  	-1.4936  	-0.4962  	0.55262  	-0.0213  	0.49696  	0.48014  	0.36876  	-0.2245  	0.35314  	0.28371  	0.39141  	0.14882  	0.27356  	-0.3171  	-0.4471  	-0.4942  	-0.0760  	-0.1134  	0.31760  	-0.2164  	-0.3181  	0.04372  	0.31782  	-0.0184  	-0.0222  	0.15875  	0.21905  	-0.2112  	0.13604  	-0.0028  	-0.0104  	0.00249  	-0.0250  	0.01424  	0.00411  	-0.0701  	-0.0872  	-0.0314  	-0.0177  	-0.0040  	0.00597  	0.00693  	0.00407  	0.01055  	0.02197  	-0.0162  	-0.0011  	0.00313  	0.05743  	-0.0043  	-0.0138  	0.14240  	-0.1866  	0.02538  	-0.0157  	1.16216  	1.25816  	121.627  	111.374  	
-0.7196  	-0.0993  	-0.0964  	-1.0635  	-0.6226  	-0.6243  	-0.0413  	0.56982  	0.41510  	0.46898  	0.74786  	-0.1396  	-0.3730  	-0.9380  	-1.5345  	-0.5214  	0.55968  	0.00048  	0.48547  	0.50213  	0.29553  	-0.2150  	0.37575  	0.23602  	0.36452  	0.16915  	0.23509  	-0.2431  	-0.4056  	-0.5028  	-0.0729  	-0.1321  	0.29101  	-0.2016  	-0.3792  	0.06736  	0.29294  	-0.0121  	-0.0171  	0.12864  	0.24143  	-0.1996  	0.13418  	-0.0158  	-0.0099  	-0.0007  	-0.0218  	0.01477  	0.00920  	-0.0679  	-0.0955  	-0.0255  	-0.0218  	-0.0078  	0.00175  	0.00234  	0.00397  	0.01098  	0.02081  	-0.0280  	0.00144  	-0.0059  	0.06233  	-0.0020  	-0.0138  	0.14240  	-0.1866  	0.02538  	-0.0157  	1.16216  	1.25816  	121.627  	111.374  	
-0.6775  	-0.0784  	-0.0458  	-0.9539  	-0.5832  	-0.6230  	-0.0954  	0.68941  	0.41918  	0.40680  	0.70229  	-0.0405  	-0.2680  	-0.9387  	-1.3863  	-0.5442  	0.67837  	-0.1861  	0.55699  	0.21249  	0.35152  	-0.4195  	0.18131  	0.25251  	0.24317  	0.29370  	0.20306  	-0.3439  	-0.3299  	-0.5192  	0.05254  	-0.1842  	0.21700  	-0.3782  	-0.4484  	-0.0107  	0.18807  	-0.0201  	-0.1329  	0.06487  	0.30816  	-0.0578  	0.02542  	0.06497  	-0.0781  	0.01822  	-0.0396  	0.03962  	-0.0005  	-0.0749  	-0.0907  	-0.0211  	-0.0281  	0.01014  	0.01271  	0.00059  	-0.0009  	-0.0054  	0.02000  	-0.0198  	0.00343  	0.00050  	0.04163  	-0.0024  	-0.0138  	0.14240  	-0.1866  	0.02538  	-0.0157  	1.16216  	1.25816  	121.627  	111.374  	
-0.4950  	0.00554  	0.06565  	-0.7801  	-0.4928  	-0.5760  	-0.1286  	0.80808  	0.43958  	0.35079  	0.65952  	0.05774  	-0.1653  	-0.8319  	-1.2018  	-0.6048  	0.74863  	-0.3638  	0.59553  	0.00627  	0.48249  	-0.5759  	-0.0339  	0.23651  	0.12367  	0.37593  	0.16158  	-0.4366  	-0.2977  	-0.5528  	0.16104  	-0.2380  	0.20108  	-0.4930  	-0.4533  	-0.1040  	0.13067  	-0.0168  	-0.2232  	-0.0165  	0.36476  	0.03664  	-0.0685  	0.12360  	-0.1301  	0.03787  	-0.0596  	0.06110  	-0.0192  	-0.0801  	-0.0899  	-0.0198  	-0.0305  	0.01679  	0.01086  	0.00240  	-0.0072  	-0.0156  	0.01304  	-0.0173  	0.01035  	0.00107  	0.03194  	-0.0022  	-0.0138  	0.14240  	-0.1866  	0.02538  	-0.0157  	1.16216  	1.25816  	121.627  	111.374  	
-0.2537  	0.13029  	0.21825  	-0.6655  	-0.4804  	-0.4938  	-0.1014  	0.91152  	0.45362  	0.32534  	0.71778  	0.05344  	-0.1276  	-0.6473  	-1.0828  	-0.5657  	0.74429  	-0.4096  	0.61273  	-0.0840  	0.67485  	-0.6457  	-0.1204  	0.27461  	0.12897  	0.34687  	0.25374  	-0.5973  	-0.3739  	-0.5586  	0.16745  	-0.2276  	0.18461  	-0.5358  	-0.3485  	-0.1454  	0.20327  	0.01389  	-0.3000  	-0.0499  	0.34443  	0.04981  	-0.1066  	0.14116  	-0.1416  	0.04415  	-0.0607  	0.06999  	-0.0179  	-0.0880  	-0.0871  	-0.0209  	-0.0229  	0.02184  	0.01487  	0.01098  	-0.0116  	-0.0148  	0.01404  	-0.0170  	0.00892  	0.00888  	0.02740  	-0.0090  	-0.0138  	0.14240  	-0.1866  	0.02538  	-0.0157  	1.16216  	1.25816  	121.627  	111.374  	
-0.0884  	0.15857  	0.32661  	-0.6385  	-0.5190  	-0.3845  	-0.1080  	0.97388  	0.51284  	0.28556  	0.81030  	0.03005  	-0.1587  	-0.5830  	-1.0322  	-0.4729  	0.73013  	-0.4444  	0.59928  	-0.0880  	0.81297  	-0.5873  	-0.0213  	0.37538  	0.12610  	0.31445  	0.36072  	-0.7510  	-0.5640  	-0.5599  	0.12016  	-0.1701  	0.20897  	-0.5172  	-0.2487  	-0.1970  	0.36316  	0.05479  	-0.3293  	-0.0811  	0.29222  	0.03642  	-0.0712  	0.11749  	-0.1283  	0.03820  	-0.0608  	0.06153  	-0.0052  	-0.0800  	-0.0988  	-0.0211  	-0.0225  	0.03022  	0.01295  	0.01718  	-0.0116  	-0.0130  	0.01241  	-0.0083  	0.00722  	0.00513  	0.02496  	-0.0085  	-0.0138  	0.14240  	-0.1866  	0.02538  	-0.0157  	1.16216  	1.25816  	121.627  	111.374  	
-0.0496  	0.15309  	0.31821  	-0.6217  	-0.5361  	-0.3046  	-0.0726  	0.97038  	0.55002  	0.26598  	0.79991  	0.02603  	-0.1890  	-0.5004  	-1.0239  	-0.3907  	0.65932  	-0.3458  	0.55562  	0.09349  	0.80559  	-0.3828  	0.20646  	0.41762  	0.19145  	0.22442  	0.40286  	-0.7323  	-0.6892  	-0.5438  	0.01978  	-0.1131  	0.28176  	-0.3905  	-0.1730  	-0.1899  	0.48472  	0.07038  	-0.2461  	-0.0239  	0.20834  	-0.0642  	0.01273  	0.05373  	-0.0793  	0.02325  	-0.0477  	0.05173  	0.01043  	-0.0655  	-0.1053  	-0.0235  	-0.0211  	0.01925  	0.00577  	0.02133  	-0.0123  	-0.0035  	0.01385  	-0.0112  	0.00525  	0.00614  	0.03975  	-0.0101  	-0.0138  	0.14240  	-0.1866  	0.02538  	-0.0157  	1.16216  	1.25816  	121.627  	111.374  	
-0.0545  	0.13869  	0.27437  	-0.6547  	-0.5484  	-0.2817  	-0.0330  	0.90538  	0.57227  	0.29072  	0.78592  	0.01792  	-0.2295  	-0.4262  	-1.0988  	-0.3370  	0.56394  	-0.1756  	0.48114  	0.34248  	0.72884  	-0.1522  	0.46095  	0.42085  	0.25746  	0.12409  	0.41824  	-0.6376  	-0.7691  	-0.5198  	-0.0933  	-0.0655  	0.37529  	-0.2259  	-0.0954  	-0.1568  	0.56645  	0.06657  	-0.1305  	0.06567  	0.13121  	-0.1927  	0.12965  	-0.0290  	-0.0210  	0.00135  	-0.0246  	0.03413  	0.02490  	-0.0527  	-0.1095  	-0.0284  	-0.0221  	0.00163  	-4.9881  	0.02391  	-0.0105  	0.00761  	0.01318  	-0.0186  	0.00139  	0.00894  	0.05702  	-0.0098  	-0.0138  	0.14240  	-0.1866  	0.02538  	-0.0157  	1.16216  	1.25816  	121.627  	111.374  	
-0.0336  	0.13742  	0.27451  	-0.6486  	-0.5400  	-0.2744  	-0.0301  	0.91251  	0.57796  	0.28467  	0.78875  	0.02913  	-0.2260  	-0.4311  	-1.0972  	-0.3233  	0.57607  	-0.1781  	0.48038  	0.33965  	0.73269  	-0.1547  	0.46984  	0.43691  	0.25263  	0.12195  	0.43718  	-0.6497  	-0.7922  	-0.5171  	-0.0949  	-0.0656  	0.37758  	-0.2237  	-0.0864  	-0.1660  	0.57505  	0.07152  	-0.1280  	0.06107  	0.11321  	-0.1890  	0.12502  	-0.0300  	-0.0227  	0.00381  	-0.0268  	0.03433  	0.02615  	-0.0576  	-0.1080  	-0.0261  	-0.0226  	0.00160  	-0.0003  	0.02412  	-0.0119  	0.00829  	0.01235  	-0.0190  	0.00239  	0.00903  	0.05947  	-0.0077  	-0.0138  	0.14240  	-0.1866  	0.02538  	-0.0157  	1.16216  	1.25816  	121.627  	111.374  	
-0.0368  	0.13540  	0.26652  	-0.6525  	-0.5374  	-0.2847  	-0.0320  	0.90518  	0.57548  	0.28622  	0.78894  	0.03057  	-0.2314  	-0.4406  	-1.0937  	-0.3281  	0.58146  	-0.1772  	0.47670  	0.34078  	0.72514  	-0.1611  	0.47524  	0.43494  	0.25038  	0.12397  	0.43617  	-0.6423  	-0.7918  	-0.5164  	-0.0943  	-0.0677  	0.37639  	-0.2251  	-0.0846  	-0.1696  	0.57237  	0.07162  	-0.1303  	0.05916  	0.11060  	-0.1886  	0.12419  	-0.0305  	-0.0238  	0.00403  	-0.0267  	0.03318  	0.02529  	-0.0580  	-0.1082  	-0.0251  	-0.0238  	0.00087  	-0.0003  	0.02417  	-0.0106  	0.00781  	0.01214  	-0.0209  	0.00217  	0.00919  	0.05841  	-0.0076  	-0.0138  	0.14240  	-0.1866  	0.02538  	-0.0157  	1.16216  	1.25816  	121.627  	111.374  	
-0.0376  	0.13377  	0.26552  	-0.6523  	-0.5359  	-0.2848  	-0.0316  	0.90447  	0.57431  	0.28720  	0.78858  	0.02944  	-0.2326  	-0.4432  	-1.0926  	-0.3295  	0.58353  	-0.1767  	0.47596  	0.34262  	0.72291  	-0.1636  	0.47619  	0.43552  	0.25109  	0.12396  	0.43704  	-0.6404  	-0.7909  	-0.5161  	-0.0952  	-0.0677  	0.37520  	-0.2255  	-0.0845  	-0.1695  	0.57101  	0.07198  	-0.1302  	0.05875  	0.10881  	-0.1885  	0.12393  	-0.0304  	-0.0240  	0.00425  	-0.0269  	0.03319  	0.02516  	-0.0583  	-0.1078  	-0.0248  	-0.0240  	0.00051  	-0.0001  	0.02412  	-0.0101  	0.00770  	0.01200  	-0.0214  	0.00213  	0.00898  	0.05826  	-0.0075  	-0.0138  	0.14240  	-0.1866  	0.02538  	-0.0157  	1.16216  	1.25816  	121.627  	111.374  	
-0.0376  	0.13377  	0.26552  	-0.6523  	-0.5359  	-0.2848  	-0.0316  	0.90447  	0.57431  	0.28720  	0.78858  	0.02944  	-0.2326  	-0.4432  	-1.0926  	-0.3295  	0.58353  	-0.1767  	0.47596  	0.34262  	0.72291  	-0.1636  	0.47619  	0.43552  	0.25109  	0.12396  	0.43704  	-0.6404  	-0.7909  	-0.5161  	-0.0952  	-0.0677  	0.37520  	-0.2255  	-0.0845  	-0.1695  	0.57101  	0.07198  	-0.1302  	0.05875  	0.10881  	-0.1885  	0.12393  	-0.0304  	-0.0240  	0.00425  	-0.0269  	0.03319  	0.02516  	-0.0583  	-0.1078  	-0.0248  	-0.0240  	0.00051  	-0.0001  	0.02412  	-0.0101  	0.00770  	0.01200  	-0.0214  	0.00213  	0.00898  	0.05826  	-0.0075  	-0.0138  	0.14240  	-0.1866  	0.02538  	-0.0157  	1.16216  	1.25816  	121.627  	111.374  	
