6.642968750000000000e+01
1.233750000000000000e+02
6.642968750000000000e+01
1.421250000000000000e+02
6.741406250000000000e+01
1.571250000000000000e+02
6.938281250000000000e+01
1.733750000000000000e+02
7.627343750000000000e+01
1.883750000000000000e+02
8.611718750000000000e+01
1.996250000000000000e+02
9.792968750000000000e+01
2.071250000000000000e+02
1.107265625000000000e+02
2.108750000000000000e+02
1.245078125000000000e+02
2.108750000000000000e+02
1.363203125000000000e+02
2.108750000000000000e+02
1.481328125000000000e+02
2.096250000000000000e+02
1.599453125000000000e+02
2.033750000000000000e+02
1.688046875000000000e+02
1.946250000000000000e+02
1.756953125000000000e+02
1.833750000000000000e+02
1.806171875000000000e+02
1.683750000000000000e+02
1.845546875000000000e+02
1.483750000000000000e+02
1.845546875000000000e+02
1.308750000000000000e+02
7.627343750000000000e+01
1.021250000000000000e+02
8.316406250000000000e+01
9.650000000000000000e+01
9.300781250000000000e+01
9.525000000000000000e+01
1.023593750000000000e+02
9.650000000000000000e+01
1.117109375000000000e+02
9.837500000000000000e+01
1.461640625000000000e+02
1.027500000000000000e+02
1.565000000000000000e+02
1.015000000000000000e+02
1.658515625000000000e+02
1.021250000000000000e+02
1.737265625000000000e+02
1.033750000000000000e+02
1.825859375000000000e+02
1.096250000000000000e+02
1.304140625000000000e+02
1.208750000000000000e+02
1.294296875000000000e+02
1.271250000000000000e+02
1.294296875000000000e+02
1.358750000000000000e+02
1.294296875000000000e+02
1.433750000000000000e+02
1.166328125000000000e+02
1.571250000000000000e+02
1.215546875000000000e+02
1.571250000000000000e+02
1.274609375000000000e+02
1.571250000000000000e+02
1.343515625000000000e+02
1.571250000000000000e+02
1.402578125000000000e+02
1.583750000000000000e+02
8.513281250000000000e+01
1.183750000000000000e+02
9.103906250000000000e+01
1.146250000000000000e+02
1.048203125000000000e+02
1.158750000000000000e+02
1.097421875000000000e+02
1.221250000000000000e+02
1.048203125000000000e+02
1.246250000000000000e+02
9.103906250000000000e+01
1.233750000000000000e+02
1.451796875000000000e+02
1.246250000000000000e+02
1.520703125000000000e+02
1.196250000000000000e+02
1.648671875000000000e+02
1.208750000000000000e+02
1.707734375000000000e+02
1.246250000000000000e+02
1.648671875000000000e+02
1.283750000000000000e+02
1.520703125000000000e+02
1.283750000000000000e+02
1.048203125000000000e+02
1.783750000000000000e+02
1.136796875000000000e+02
1.733750000000000000e+02
1.235234375000000000e+02
1.708750000000000000e+02
1.264765625000000000e+02
1.708750000000000000e+02
1.304140625000000000e+02
1.708750000000000000e+02
1.392734375000000000e+02
1.746250000000000000e+02
1.461640625000000000e+02
1.808750000000000000e+02
1.392734375000000000e+02
1.846250000000000000e+02
1.333671875000000000e+02
1.858750000000000000e+02
1.264765625000000000e+02
1.858750000000000000e+02
1.186015625000000000e+02
1.846250000000000000e+02
1.126953125000000000e+02
1.821250000000000000e+02
1.067890625000000000e+02
1.783750000000000000e+02
1.166328125000000000e+02
1.771250000000000000e+02
1.274609375000000000e+02
1.771250000000000000e+02
1.353359375000000000e+02
1.783750000000000000e+02
1.441953125000000000e+02
1.808750000000000000e+02
1.353359375000000000e+02
1.783750000000000000e+02
1.264765625000000000e+02
1.771250000000000000e+02
1.166328125000000000e+02
1.771250000000000000e+02
