0.12431  	0.12366  	-0.3132  	0.71686  	0.27784  	0.56896  	0.18065  	0.57586  	0.52156  	0.19421  	0.80098  	0.75915  	-0.4350  	-0.4485  	-0.0170  	-0.1770  	0.71995  	0.25733  	0.80782  	0.26625  	0.82514  	0.71255  	0.62349  	0.30287  	0.33714  	0.15741  	0.33898  	-0.7454  	-0.4820  	-0.2888  	-0.2470  	-0.0707  	0.19308  	-0.0783  	0.20592  	-0.3896  	0.32490  	0.08922  	0.04236  	-0.2062  	-0.3248  	-0.0927  	0.05069  	0.00023  	0.00914  	0.02893  	-0.0010  	0.02179  	0.02373  	-0.0847  	-0.0720  	-0.0185  	-0.0246  	-0.0303  	0.00407  	0.06123  	0.00864  	0.02604  	-0.0177  	-0.0196  	-0.0174  	0.01803  	0.07876  	-0.0008  	0.01769  	0.04875  	-0.0764  	0.01313  	0.04579  	0.85449  	1.11780  	125.760  	104.299  	
0.12431  	0.12366  	-0.3132  	0.71686  	0.27784  	0.56896  	0.18065  	0.57586  	0.52156  	0.19421  	0.80098  	0.75915  	-0.4350  	-0.4485  	-0.0170  	-0.1770  	0.71995  	0.25733  	0.80782  	0.26625  	0.82514  	0.71255  	0.62349  	0.30287  	0.33714  	0.15741  	0.33898  	-0.7454  	-0.4820  	-0.2888  	-0.2470  	-0.0707  	0.19308  	-0.0783  	0.20592  	-0.3896  	0.32490  	0.08922  	0.04236  	-0.2062  	-0.3248  	-0.0927  	0.05069  	0.00023  	0.00914  	0.02893  	-0.0010  	0.02179  	0.02373  	-0.0847  	-0.0720  	-0.0185  	-0.0246  	-0.0303  	0.00407  	0.06123  	0.00864  	0.02604  	-0.0177  	-0.0196  	-0.0174  	0.01803  	0.07876  	-0.0008  	0.01769  	0.04875  	-0.0764  	0.01313  	0.04579  	0.85449  	1.11780  	125.760  	104.299  	
0.12431  	0.12366  	-0.3132  	0.71686  	0.27784  	0.56896  	0.18065  	0.57586  	0.52156  	0.19421  	0.80098  	0.75915  	-0.4350  	-0.4485  	-0.0170  	-0.1770  	0.71995  	0.25733  	0.80782  	0.26625  	0.82514  	0.71255  	0.62349  	0.30287  	0.33714  	0.15741  	0.33898  	-0.7454  	-0.4820  	-0.2888  	-0.2470  	-0.0707  	0.19308  	-0.0783  	0.20592  	-0.3896  	0.32490  	0.08922  	0.04236  	-0.2062  	-0.3248  	-0.0927  	0.05069  	0.00023  	0.00914  	0.02893  	-0.0010  	0.02179  	0.02373  	-0.0847  	-0.0720  	-0.0185  	-0.0246  	-0.0303  	0.00407  	0.06123  	0.00864  	0.02604  	-0.0177  	-0.0196  	-0.0174  	0.01803  	0.07876  	-0.0008  	0.01769  	0.04875  	-0.0764  	0.01313  	0.04579  	0.85449  	1.11780  	125.760  	104.299  	
0.12431  	0.12366  	-0.3132  	0.71686  	0.27784  	0.56896  	0.18065  	0.57586  	0.52156  	0.19421  	0.80098  	0.75915  	-0.4350  	-0.4485  	-0.0170  	-0.1770  	0.71995  	0.25733  	0.80782  	0.26625  	0.82514  	0.71255  	0.62349  	0.30287  	0.33714  	0.15741  	0.33898  	-0.7454  	-0.4820  	-0.2888  	-0.2470  	-0.0707  	0.19308  	-0.0783  	0.20592  	-0.3896  	0.32490  	0.08922  	0.04236  	-0.2062  	-0.3248  	-0.0927  	0.05069  	0.00023  	0.00914  	0.02893  	-0.0010  	0.02179  	0.02373  	-0.0847  	-0.0720  	-0.0185  	-0.0246  	-0.0303  	0.00407  	0.06123  	0.00864  	0.02604  	-0.0177  	-0.0196  	-0.0174  	0.01803  	0.07876  	-0.0008  	0.01769  	0.04875  	-0.0764  	0.01313  	0.04579  	0.85449  	1.11780  	125.760  	104.299  	
0.12431  	0.12366  	-0.3132  	0.71686  	0.27784  	0.56896  	0.18065  	0.57586  	0.52156  	0.19421  	0.80098  	0.75915  	-0.4350  	-0.4485  	-0.0170  	-0.1770  	0.71995  	0.25733  	0.80782  	0.26625  	0.82514  	0.71255  	0.62349  	0.30287  	0.33714  	0.15741  	0.33898  	-0.7454  	-0.4820  	-0.2888  	-0.2470  	-0.0707  	0.19308  	-0.0783  	0.20592  	-0.3896  	0.32490  	0.08922  	0.04236  	-0.2062  	-0.3248  	-0.0927  	0.05069  	0.00023  	0.00914  	0.02893  	-0.0010  	0.02179  	0.02373  	-0.0847  	-0.0720  	-0.0185  	-0.0246  	-0.0303  	0.00407  	0.06123  	0.00864  	0.02604  	-0.0177  	-0.0196  	-0.0174  	0.01803  	0.07876  	-0.0008  	0.01769  	0.04875  	-0.0764  	0.01313  	0.04579  	0.85449  	1.11780  	125.760  	104.299  	
0.12431  	0.12366  	-0.3132  	0.71686  	0.27784  	0.56896  	0.18065  	0.57586  	0.52156  	0.19421  	0.80098  	0.75915  	-0.4350  	-0.4485  	-0.0170  	-0.1770  	0.71995  	0.25733  	0.80782  	0.26625  	0.82514  	0.71255  	0.62349  	0.30287  	0.33714  	0.15741  	0.33898  	-0.7454  	-0.4820  	-0.2888  	-0.2470  	-0.0707  	0.19308  	-0.0783  	0.20592  	-0.3896  	0.32490  	0.08922  	0.04236  	-0.2062  	-0.3248  	-0.0927  	0.05069  	0.00023  	0.00914  	0.02893  	-0.0010  	0.02179  	0.02373  	-0.0847  	-0.0720  	-0.0185  	-0.0246  	-0.0303  	0.00407  	0.06123  	0.00864  	0.02604  	-0.0177  	-0.0196  	-0.0174  	0.01803  	0.07876  	-0.0008  	0.01769  	0.04875  	-0.0764  	0.01313  	0.04579  	0.85449  	1.11780  	125.760  	104.299  	
0.12431  	0.12366  	-0.3132  	0.71686  	0.27784  	0.56896  	0.18065  	0.57586  	0.52156  	0.19421  	0.80098  	0.75915  	-0.4350  	-0.4485  	-0.0170  	-0.1770  	0.71995  	0.25733  	0.80782  	0.26625  	0.82514  	0.71255  	0.62349  	0.30287  	0.33714  	0.15741  	0.33898  	-0.7454  	-0.4820  	-0.2888  	-0.2470  	-0.0707  	0.19308  	-0.0783  	0.20592  	-0.3896  	0.32490  	0.08922  	0.04236  	-0.2062  	-0.3248  	-0.0927  	0.05069  	0.00023  	0.00914  	0.02893  	-0.0010  	0.02179  	0.02373  	-0.0847  	-0.0720  	-0.0185  	-0.0246  	-0.0303  	0.00407  	0.06123  	0.00864  	0.02604  	-0.0177  	-0.0196  	-0.0174  	0.01803  	0.07876  	-0.0008  	0.01769  	0.04875  	-0.0764  	0.01313  	0.04579  	0.85449  	1.11780  	125.760  	104.299  	
0.12425  	0.12367  	-0.3133  	0.71680  	0.27781  	0.56886  	0.18063  	0.57581  	0.52154  	0.19421  	0.80105  	0.75917  	-0.4351  	-0.4485  	-0.0170  	-0.1770  	0.71996  	0.25734  	0.80779  	0.26622  	0.82512  	0.71253  	0.62350  	0.30283  	0.33712  	0.15743  	0.33892  	-0.7453  	-0.4820  	-0.2889  	-0.2470  	-0.0707  	0.19309  	-0.0783  	0.20593  	-0.3896  	0.32492  	0.08921  	0.04233  	-0.2062  	-0.3247  	-0.0927  	0.05068  	0.00022  	0.00912  	0.02893  	-0.0010  	0.02178  	0.02372  	-0.0847  	-0.0720  	-0.0185  	-0.0246  	-0.0303  	0.00407  	0.06124  	0.00864  	0.02604  	-0.0177  	-0.0196  	-0.0173  	0.01803  	0.07874  	-0.0008  	0.01769  	0.04875  	-0.0764  	0.01313  	0.04579  	0.85449  	1.11780  	125.760  	104.299  	
0.12407  	0.12369  	-0.3133  	0.71667  	0.27765  	0.56869  	0.18057  	0.57581  	0.52150  	0.19415  	0.80122  	0.75907  	-0.4352  	-0.4485  	-0.0170  	-0.1771  	0.71992  	0.25742  	0.80778  	0.26615  	0.82528  	0.71251  	0.62352  	0.30287  	0.33708  	0.15742  	0.33896  	-0.7454  	-0.4821  	-0.2889  	-0.2469  	-0.0707  	0.19309  	-0.0784  	0.20603  	-0.3897  	0.32505  	0.08922  	0.04222  	-0.2062  	-0.3247  	-0.0927  	0.05066  	0.00022  	0.00912  	0.02891  	-0.0010  	0.02177  	0.02369  	-0.0847  	-0.0720  	-0.0185  	-0.0246  	-0.0303  	0.00408  	0.06125  	0.00864  	0.02603  	-0.0177  	-0.0196  	-0.0173  	0.01803  	0.07871  	-0.0008  	0.01769  	0.04875  	-0.0764  	0.01313  	0.04579  	0.85449  	1.11780  	125.760  	104.299  	
0.08258  	0.10295  	-0.4055  	0.94832  	0.51430  	0.56540  	0.21774  	0.50779  	0.46163  	0.27338  	0.53702  	0.76315  	-0.3094  	-0.3099  	0.02353  	-0.2164  	0.67871  	0.31284  	0.80408  	0.36139  	0.59426  	0.70412  	0.43903  	0.22120  	0.49231  	0.13412  	0.29434  	-0.5185  	-0.2131  	-0.1953  	-0.2815  	-0.1191  	0.17884  	-0.0763  	0.13507  	-0.2940  	0.12388  	-0.0039  	0.12541  	-0.1404  	-0.3203  	-0.0632  	0.04884  	0.00503  	0.01554  	0.03535  	-0.0050  	0.04213  	0.03270  	-0.0905  	-0.0620  	-0.0217  	-0.0319  	-0.0404  	0.00711  	0.05710  	0.00924  	0.01995  	-0.0133  	-0.0271  	-0.0179  	0.01070  	0.06887  	-0.0109  	0.01769  	0.04875  	-0.0764  	0.01313  	0.04579  	0.85449  	1.11780  	125.760  	104.299  	
-0.0503  	0.06533  	-0.5992  	1.09127  	0.61787  	0.44152  	0.20829  	0.44991  	0.43704  	0.28934  	0.43963  	0.78263  	-0.2922  	-0.2654  	0.12380  	-0.2954  	0.65444  	0.33537  	0.76822  	0.45447  	0.46775  	0.73589  	0.31043  	0.20382  	0.56334  	0.13644  	0.24002  	-0.4056  	-0.0788  	-0.1509  	-0.2974  	-0.1442  	0.17132  	-0.0600  	0.12508  	-0.2585  	0.02381  	-0.0470  	0.17723  	-0.0797  	-0.3580  	-0.0516  	0.01141  	-0.0076  	0.03012  	0.03421  	-0.0055  	0.02357  	0.02402  	-0.1026  	-0.0461  	-0.0212  	-0.0361  	-0.0455  	0.00222  	0.05855  	0.01893  	0.02329  	-0.0072  	-0.0279  	-0.0192  	0.01238  	0.06616  	-0.0085  	0.01769  	0.04875  	-0.0764  	0.01313  	0.04579  	0.85449  	1.11780  	125.760  	104.299  	
-0.0935  	0.05784  	-0.6696  	1.33873  	0.84413  	0.39687  	0.20854  	0.51984  	0.39885  	0.19811  	0.39952  	0.88116  	-0.2279  	-0.2044  	0.29974  	-0.3933  	0.74046  	0.16732  	0.81525  	0.23371  	0.45509  	0.50196  	-0.0360  	0.23364  	0.54455  	0.24113  	0.25630  	-0.3444  	0.09570  	-0.1208  	-0.2018  	-0.2146  	0.06227  	-0.1907  	0.10882  	-0.2675  	-0.1441  	-0.0832  	0.09074  	-0.1464  	-0.3334  	0.08859  	-0.1209  	0.04973  	-0.0267  	0.05378  	-0.0263  	0.04254  	0.00764  	-0.1027  	-0.0427  	-0.0244  	-0.0301  	-0.0249  	0.00838  	0.05711  	0.02475  	0.01542  	-0.0040  	-0.0203  	-0.0172  	0.00442  	0.05351  	-0.0143  	0.01769  	0.04875  	-0.0764  	0.01313  	0.04579  	0.85449  	1.11780  	125.760  	104.299  	
-0.0646  	0.09382  	-0.6793  	1.46390  	0.87291  	0.42725  	0.13495  	0.57107  	0.38738  	0.12138  	0.25698  	0.86563  	-0.1449  	-0.2335  	0.49297  	-0.4878  	0.83368  	0.02003  	0.88270  	0.04016  	0.46306  	0.34326  	-0.2189  	0.20029  	0.50872  	0.34610  	0.22312  	-0.3744  	0.19440  	-0.1193  	-0.1251  	-0.2409  	0.00328  	-0.3029  	0.04654  	-0.3121  	-0.2567  	-0.0862  	0.01088  	-0.1885  	-0.2880  	0.19352  	-0.2081  	0.12699  	-0.0845  	0.07246  	-0.0455  	0.05476  	-0.0019  	-0.1132  	-0.0297  	-0.0180  	-0.0338  	-0.0140  	0.01133  	0.06268  	0.01535  	0.00589  	-0.0031  	-0.0101  	-0.0193  	0.00868  	0.03457  	-0.0235  	0.01769  	0.04875  	-0.0764  	0.01313  	0.04579  	0.85449  	1.11780  	125.760  	104.299  	
-0.0827  	0.08986  	-0.6018  	1.30862  	0.79866  	0.39785  	0.10796  	0.55644  	0.38099  	0.16895  	0.29016  	0.88818  	-0.1517  	-0.3452  	0.31235  	-0.3958  	0.83544  	0.04309  	0.90920  	-0.0329  	0.54115  	0.33132  	-0.2340  	0.17375  	0.43452  	0.37527  	0.17460  	-0.4393  	0.18756  	-0.1607  	-0.0598  	-0.2745  	-0.0090  	-0.3393  	-0.0196  	-0.3283  	-0.2482  	-0.0822  	-0.0220  	-0.2449  	-0.2062  	0.20582  	-0.2097  	0.14165  	-0.1090  	0.07648  	-0.0501  	0.08670  	-0.0034  	-0.1310  	-0.0474  	-0.0178  	-0.0323  	-0.0156  	0.01149  	0.05702  	0.01360  	-0.0038  	-0.0067  	-0.0065  	-0.0162  	0.00067  	0.03171  	-0.0199  	0.01769  	0.04875  	-0.0764  	0.01313  	0.04579  	0.85449  	1.11780  	125.760  	104.299  	
-0.2043  	-0.0204  	-0.5193  	0.86904  	0.52686  	0.26509  	0.18319  	0.46387  	0.36880  	0.28899  	0.59359  	0.85916  	-0.3154  	-0.6658  	-0.0587  	-0.3506  	0.84562  	0.09855  	0.91925  	-0.0152  	0.61468  	0.28251  	-0.0823  	0.24562  	0.35309  	0.33817  	0.20258  	-0.5325  	0.00554  	-0.2562  	-0.0615  	-0.2250  	-0.0192  	-0.3436  	-0.0410  	-0.2952  	-0.0886  	-0.0341  	-0.0764  	-0.2280  	-0.2078  	0.17953  	-0.2004  	0.13516  	-0.0846  	0.06660  	-0.0482  	0.06439  	-0.0044  	-0.1197  	-0.0557  	-0.0246  	-0.0365  	-0.0053  	0.01787  	0.04733  	0.02562  	0.00781  	-0.0018  	-0.0125  	-0.0190  	0.00630  	0.04516  	-0.0030  	0.01769  	0.04875  	-0.0764  	0.01313  	0.04579  	0.85449  	1.11780  	125.760  	104.299  	
-0.2804  	-0.0475  	-0.5476  	0.69909  	0.44722  	0.27936  	0.15418  	0.40375  	0.38372  	0.25612  	0.63763  	0.73082  	-0.4278  	-0.7729  	-0.1009  	-0.3354  	0.80541  	0.23832  	0.87570  	0.16648  	0.60259  	0.47131  	0.21211  	0.23763  	0.40367  	0.26706  	0.22066  	-0.5203  	-0.1278  	-0.2630  	-0.1426  	-0.1665  	0.03568  	-0.2284  	0.02529  	-0.2693  	0.00112  	-0.0276  	-0.0220  	-0.1780  	-0.2526  	0.06882  	-0.1159  	0.07143  	-0.0329  	0.04791  	-0.0204  	0.02751  	-0.0012  	-0.1030  	-0.0443  	-0.0209  	-0.0311  	-0.0215  	0.00949  	0.04927  	0.03083  	0.00838  	-0.0073  	-0.0135  	-0.0211  	0.00737  	0.06045  	-0.0009  	0.01769  	0.04875  	-0.0764  	0.01313  	0.04579  	0.85449  	1.11780  	125.760  	104.299  	
-0.1786  	-0.0164  	-0.6145  	0.90323  	0.47758  	0.45079  	0.17502  	0.34732  	0.36628  	0.18030  	0.44519  	0.72606  	-0.4821  	-0.6564  	0.02356  	-0.3470  	0.75870  	0.39010  	0.80257  	0.37560  	0.49304  	0.71361  	0.49282  	0.23882  	0.52027  	0.16368  	0.25655  	-0.4005  	-0.1334  	-0.1874  	-0.2813  	-0.1314  	0.12949  	-0.0739  	0.03750  	-0.2488  	0.04974  	-0.0103  	0.13759  	-0.1194  	-0.3182  	-0.0969  	0.02805  	0.01708  	0.01308  	0.03278  	0.00594  	0.01097  	0.01690  	-0.1125  	-0.0646  	-0.0281  	-0.0295  	-0.0420  	0.01032  	0.04890  	0.02662  	0.02250  	-0.0036  	-0.0231  	-0.0308  	0.01214  	0.07427  	-0.0054  	0.01769  	0.04875  	-0.0764  	0.01313  	0.04579  	0.85449  	1.11780  	125.760  	104.299  	
-0.0655  	0.01577  	-0.4736  	0.91070  	0.47813  	0.49370  	0.19323  	0.37673  	0.42996  	0.27578  	0.49018  	0.70310  	-0.4641  	-0.6426  	-0.0845  	-0.1860  	0.67862  	0.37770  	0.80234  	0.42048  	0.50704  	0.71707  	0.42589  	0.22593  	0.50627  	0.14843  	0.22559  	-0.4571  	-0.1409  	-0.2192  	-0.2880  	-0.0793  	0.14847  	-0.0530  	0.07597  	-0.2201  	0.08658  	-0.0101  	0.16120  	-0.0729  	-0.3184  	-0.0887  	0.04342  	0.02264  	0.00790  	0.01938  	-0.0128  	0.02480  	0.03032  	-0.1009  	-0.0458  	-0.0248  	-0.0273  	-0.0365  	0.00852  	0.06148  	0.02502  	0.01504  	-0.0068  	-0.0186  	-0.0204  	0.00807  	0.07233  	-0.0050  	0.01769  	0.04875  	-0.0764  	0.01313  	0.04579  	0.85449  	1.11780  	125.760  	104.299  	
-0.0383  	-0.0313  	-0.4651  	0.86903  	0.48315  	0.42354  	0.19623  	0.34818  	0.37272  	0.39599  	0.62844  	0.74722  	-0.4986  	-0.7417  	-0.3277  	-0.1258  	0.62768  	0.42701  	0.82107  	0.45280  	0.40873  	0.71429  	0.37009  	0.24127  	0.54486  	0.13638  	0.25173  	-0.3905  	-0.1235  	-0.2196  	-0.2907  	-0.0927  	0.12232  	-0.0794  	0.08134  	-0.1369  	0.06395  	-0.0223  	0.15043  	-0.0722  	-0.3016  	-0.0742  	0.03490  	0.01622  	0.01787  	0.02930  	-0.0084  	0.03397  	0.03433  	-0.0979  	-0.0425  	-0.0291  	-0.0177  	-0.0453  	0.01080  	0.05493  	0.03452  	0.02864  	-0.0051  	-0.0153  	-0.0263  	-0.0006  	0.08457  	-0.0001  	0.01769  	0.04875  	-0.0764  	0.01313  	0.04579  	0.85449  	1.11780  	125.760  	104.299  	
-0.0327  	-0.0558  	-0.4458  	0.82225  	0.47792  	0.40837  	0.23893  	0.27821  	0.37415  	0.42478  	0.59996  	0.74530  	-0.4786  	-0.8211  	-0.3750  	-0.1132  	0.61789  	0.41975  	0.81823  	0.46693  	0.30790  	0.70706  	0.30317  	0.20099  	0.58214  	0.12753  	0.24144  	-0.3222  	-0.0607  	-0.1923  	-0.2873  	-0.0752  	0.11096  	-0.0542  	0.02076  	-0.0758  	0.01938  	-0.0089  	0.16797  	-0.0568  	-0.2662  	-0.0796  	0.05138  	0.02022  	0.01260  	0.02494  	-0.0165  	0.04963  	0.04921  	-0.1050  	-0.0488  	-0.0264  	-0.0241  	-0.0376  	0.01648  	0.05172  	0.03241  	0.02593  	-0.0060  	-0.0211  	-0.0281  	-0.0077  	0.08752  	-0.0033  	0.01769  	0.04875  	-0.0764  	0.01313  	0.04579  	0.85449  	1.11780  	125.760  	104.299  	
-0.1229  	0.00523  	-0.6165  	0.80178  	0.50785  	0.36882  	0.21265  	0.23744  	0.36091  	0.38145  	0.53869  	0.70820  	-0.4783  	-0.7400  	-0.3913  	-0.2525  	0.65837  	0.43130  	0.79300  	0.49979  	0.32507  	0.75087  	0.31836  	0.20333  	0.63611  	0.13736  	0.23602  	-0.2576  	-0.0094  	-0.1635  	-0.2917  	-0.1215  	0.10411  	-0.0623  	0.04479  	-0.0652  	-0.0060  	-0.0472  	0.19285  	-0.0577  	-0.3016  	-0.0803  	0.05580  	0.00968  	0.02899  	0.02328  	-0.0109  	0.03299  	0.03397  	-0.1104  	-0.0286  	-0.0273  	-0.0287  	-0.0501  	0.01248  	0.05718  	0.03554  	0.02631  	-0.0106  	-0.0184  	-0.0305  	-0.0048  	0.08310  	-0.0014  	0.01769  	0.04875  	-0.0764  	0.01313  	0.04579  	0.85449  	1.11780  	125.760  	104.299  	
-0.1175  	-0.0617  	-0.7289  	1.10164  	0.64666  	0.38478  	0.20169  	0.33036  	0.35880  	0.29486  	0.51738  	0.75272  	-0.3722  	-0.5040  	-0.0992  	-0.2731  	0.64524  	0.33090  	0.77268  	0.48555  	0.40669  	0.71788  	0.27764  	0.25665  	0.65220  	0.16245  	0.25573  	-0.2626  	-0.0289  	-0.1265  	-0.3052  	-0.1298  	0.13623  	-0.0636  	0.13540  	-0.1544  	-0.0288  	-0.0892  	0.18055  	-0.0874  	-0.3527  	-0.0396  	0.00147  	0.00189  	0.03805  	0.02893  	-0.0126  	0.00831  	0.03003  	-0.0828  	-0.0401  	-0.0317  	-0.0240  	-0.0496  	0.00362  	0.05000  	0.03261  	0.03388  	-0.0074  	-0.0326  	-0.0371  	-0.0050  	0.06773  	0.00351  	0.01769  	0.04875  	-0.0764  	0.01313  	0.04579  	0.85449  	1.11780  	125.760  	104.299  	
0.00448  	0.02268  	-0.6294  	1.12054  	0.69024  	0.51420  	0.19240  	0.42512  	0.40164  	0.22329  	0.27040  	0.76411  	-0.2668  	-0.2697  	0.32234  	-0.4635  	0.67883  	0.26744  	0.76015  	0.40305  	0.39962  	0.75511  	0.36108  	0.23973  	0.56260  	0.16024  	0.31520  	-0.3578  	-0.0997  	-0.1475  	-0.3219  	-0.1412  	0.16929  	-0.0443  	0.14723  	-0.2562  	0.01497  	-0.0559  	0.18127  	-0.0335  	-0.4184  	-0.0474  	0.01675  	0.00026  	0.04261  	0.02123  	0.00501  	0.01574  	0.03003  	-0.0805  	-0.0522  	-0.0314  	-0.0382  	-0.0491  	0.01367  	0.05626  	0.02906  	0.02111  	-0.0131  	-0.0161  	-0.0360  	4.17903  	0.07117  	-0.0099  	0.01769  	0.04875  	-0.0764  	0.01313  	0.04579  	0.85449  	1.11780  	125.760  	104.299  	
0.09945  	0.09921  	-0.5047  	1.05530  	0.57834  	0.66141  	0.20518  	0.48827  	0.43900  	0.25183  	0.28727  	0.63626  	-0.2681  	-0.2556  	0.25435  	-0.3869  	0.69377  	0.30608  	0.78252  	0.28675  	0.47803  	0.80275  	0.46901  	0.22714  	0.58539  	0.14613  	0.34413  	-0.4630  	-0.0655  	-0.1460  	-0.2831  	-0.1442  	0.17138  	-0.0493  	0.12177  	-0.2972  	0.02973  	-0.0434  	0.18401  	-0.0652  	-0.3711  	-0.0670  	0.02496  	0.01832  	0.01828  	0.02065  	-0.0073  	0.03577  	0.04177  	-0.0832  	-0.0473  	-0.0287  	-0.0318  	-0.0448  	0.00954  	0.06461  	0.01713  	0.01814  	-0.0133  	-0.0167  	-0.0243  	0.01420  	0.06527  	-0.0061  	0.01769  	0.04875  	-0.0764  	0.01313  	0.04579  	0.85449  	1.11780  	125.760  	104.299  	
0.08144  	0.07914  	-0.5734  	1.20961  	0.64193  	0.58581  	0.25744  	0.47216  	0.42223  	0.23968  	0.17885  	0.65061  	-0.2518  	-0.1926  	0.31449  	-0.4310  	0.69209  	0.29318  	0.75960  	0.33565  	0.47138  	0.80754  	0.41221  	0.21229  	0.66511  	0.13278  	0.36230  	-0.4514  	-0.0153  	-0.1114  	-0.2876  	-0.1486  	0.16054  	-0.0359  	0.08759  	-0.2961  	0.00654  	-0.0617  	0.20688  	-0.0520  	-0.3847  	-0.0464  	0.01559  	0.01097  	0.01673  	0.03086  	-0.0063  	0.03986  	0.03429  	-0.0901  	-0.0471  	-0.0278  	-0.0375  	-0.0439  	0.00400  	0.06432  	0.02088  	0.02095  	-0.0076  	-0.0224  	-0.0252  	0.01126  	0.06264  	-0.0106  	0.01769  	0.04875  	-0.0764  	0.01313  	0.04579  	0.85449  	1.11780  	125.760  	104.299  	
0.00777  	0.04861  	-0.6623  	1.38619  	0.80170  	0.45302  	0.21500  	0.43888  	0.42250  	0.28047  	0.23254  	0.79808  	-0.2769  	-0.1829  	0.36994  	-0.4182  	0.68273  	0.27359  	0.76455  	0.40885  	0.40681  	0.79540  	0.33123  	0.24016  	0.69168  	0.14427  	0.32770  	-0.3847  	-0.0393  	-0.0957  	-0.3138  	-0.1565  	0.16408  	-0.0358  	0.13562  	-0.2850  	-0.0091  	-0.0837  	0.20522  	-0.0309  	-0.4338  	-0.0355  	-0.0087  	-0.0035  	0.03176  	0.03014  	-0.0014  	0.02981  	0.03423  	-0.0914  	-0.0493  	-0.0322  	-0.0418  	-0.0422  	0.00198  	0.06191  	0.03302  	0.01830  	-0.0235  	-0.0263  	-0.0277  	0.01471  	0.07015  	-0.0173  	0.01769  	0.04875  	-0.0764  	0.01313  	0.04579  	0.85449  	1.11780  	125.760  	104.299  	
-0.1265  	-0.0014  	-0.6894  	1.10722  	0.69259  	0.32461  	0.23420  	0.42251  	0.40996  	0.24260  	0.32865  	0.77885  	-0.3011  	-0.3779  	0.11971  	-0.3421  	0.65497  	0.34564  	0.75472  	0.43623  	0.39772  	0.74925  	0.30144  	0.20810  	0.59149  	0.15112  	0.26628  	-0.3215  	-0.0038  	-0.1537  	-0.3092  	-0.1649  	0.15461  	-0.0213  	0.14189  	-0.2584  	-0.0439  	-0.0772  	0.20141  	-0.0209  	-0.3945  	-0.0444  	-0.0009  	-0.0074  	0.02532  	0.02839  	0.00112  	0.02843  	0.03697  	-0.1081  	-0.0515  	-0.0343  	-0.0354  	-0.0399  	0.01006  	0.06214  	0.02829  	0.01678  	0.00251  	-0.0285  	-0.0272  	0.01532  	0.06183  	-0.0087  	0.01769  	0.04875  	-0.0764  	0.01313  	0.04579  	0.85449  	1.11780  	125.760  	104.299  	
-0.3343  	-0.0833  	-0.5194  	0.47276  	0.35101  	0.32761  	0.22535  	0.34226  	0.41289  	0.32257  	0.64083  	0.64687  	-0.4811  	-0.7659  	-0.3449  	-0.3028  	0.66888  	0.44481  	0.79869  	0.46142  	0.42869  	0.66037  	0.42364  	0.20205  	0.40827  	0.18074  	0.13761  	-0.3491  	-0.1047  	-0.2758  	-0.2292  	-0.1384  	0.15689  	-0.0585  	0.00147  	-0.2001  	0.02464  	-0.0291  	0.14371  	-0.0642  	-0.2723  	-0.0835  	0.04918  	0.01080  	0.01676  	0.01945  	0.00016  	0.00781  	0.02253  	-0.0892  	-0.0590  	-0.0278  	-0.0308  	-0.0425  	0.00673  	0.04503  	0.02855  	0.01857  	-0.0067  	-0.0171  	-0.0248  	0.01269  	0.07468  	0.00050  	0.01769  	0.04875  	-0.0764  	0.01313  	0.04579  	0.85449  	1.11780  	125.760  	104.299  	
-0.2819  	-0.0841  	-0.5992  	0.76423  	0.43715  	0.34260  	0.18278  	0.28457  	0.38089  	0.30272  	0.59175  	0.66393  	-0.4670  	-0.8218  	-0.2920  	-0.3059  	0.65160  	0.42337  	0.79285  	0.47776  	0.32375  	0.66985  	0.38596  	0.18137  	0.52791  	0.16578  	0.17567  	-0.3066  	-0.0434  	-0.2314  	-0.2815  	-0.1165  	0.11676  	-0.0675  	2.69189  	-0.1750  	-0.0214  	-0.0289  	0.17923  	-0.0343  	-0.2633  	-0.0944  	0.04524  	0.01744  	0.02774  	0.00937  	0.00275  	0.02734  	0.02367  	-0.1020  	-0.0427  	-0.0186  	-0.0309  	-0.0483  	0.00640  	0.04359  	0.03843  	0.02962  	-0.0018  	-0.0137  	-0.0264  	-0.0048  	0.09024  	0.00018  	0.01769  	0.04875  	-0.0764  	0.01313  	0.04579  	0.85449  	1.11780  	125.760  	104.299  	
-0.1163  	0.01891  	-0.6264  	1.03216  	0.64426  	0.47756  	0.18965  	0.35988  	0.39820  	0.28279  	0.41849  	0.80413  	-0.3955  	-0.5476  	-0.0305  	-0.3124  	0.64720  	0.36901  	0.75387  	0.48311  	0.37033  	0.72529  	0.34297  	0.15531  	0.55135  	0.15964  	0.19441  	-0.2486  	-0.0314  	-0.1743  	-0.2871  	-0.1284  	0.14145  	-0.0374  	0.05349  	-0.2045  	-0.0464  	-0.0534  	0.19899  	-0.0594  	-0.3332  	-0.0767  	0.04411  	0.00167  	0.02151  	0.02920  	-0.0027  	0.02560  	0.02828  	-0.0900  	-0.0433  	-0.0307  	-0.0303  	-0.0375  	0.00485  	0.04879  	0.03654  	0.02913  	-0.0013  	-0.0219  	-0.0302  	0.00928  	0.08123  	0.00092  	0.01769  	0.04875  	-0.0764  	0.01313  	0.04579  	0.85449  	1.11780  	125.760  	104.299  	
-0.0747  	0.03693  	-0.6639  	1.21047  	0.68104  	0.56463  	0.19958  	0.38991  	0.39589  	0.22595  	0.33944  	0.82048  	-0.3451  	-0.4224  	0.14353  	-0.3083  	0.68077  	0.35729  	0.80454  	0.45460  	0.41838  	0.75641  	0.38818  	0.14681  	0.60470  	0.16250  	0.19784  	-0.2242  	0.01920  	-0.1000  	-0.2887  	-0.1513  	0.15176  	-0.0374  	0.04205  	-0.2520  	-0.0579  	-0.0524  	0.22670  	-0.0528  	-0.3732  	-0.0804  	0.03664  	-0.0086  	0.03128  	0.02704  	-0.0061  	0.02257  	0.01787  	-0.0963  	-0.0497  	-0.0324  	-0.0274  	-0.0488  	0.00495  	0.05547  	0.03474  	0.02522  	-0.0047  	-0.0256  	-0.0329  	0.00374  	0.07532  	-0.0001  	0.01769  	0.04875  	-0.0764  	0.01313  	0.04579  	0.85449  	1.11780  	125.760  	104.299  	
-0.1096  	0.06384  	-0.6063  	1.07959  	0.61648  	0.56739  	0.19855  	0.39977  	0.41610  	0.23473  	0.32679  	0.81625  	-0.3372  	-0.4549  	0.08183  	-0.3063  	0.70326  	0.39895  	0.80966  	0.44231  	0.38723  	0.74527  	0.38600  	0.14634  	0.55890  	0.16074  	0.16706  	-0.2123  	0.02401  	-0.1426  	-0.2956  	-0.1537  	0.18745  	-0.0422  	0.02125  	-0.2568  	-0.0369  	-0.0483  	0.22590  	-0.0558  	-0.3414  	-0.0866  	0.03036  	0.00087  	0.02402  	0.02990  	-0.0061  	0.02639  	0.02162  	-0.0918  	-0.0559  	-0.0321  	-0.0308  	-0.0460  	0.00861  	0.05236  	0.03400  	0.02429  	-0.0094  	-0.0248  	-0.0296  	0.00751  	0.07268  	-0.0014  	0.01769  	0.04875  	-0.0764  	0.01313  	0.04579  	0.85449  	1.11780  	125.760  	104.299  	
-0.3116  	-0.0098  	-0.5905  	0.63818  	0.39441  	0.35441  	0.20602  	0.33760  	0.40093  	0.29904  	0.60683  	0.74297  	-0.4786  	-0.7824  	-0.2232  	-0.2998  	0.65150  	0.43760  	0.82390  	0.44224  	0.43245  	0.71450  	0.47135  	0.19477  	0.45203  	0.16875  	0.16747  	-0.3938  	-0.1042  	-0.2523  	-0.2565  	-0.1325  	0.15332  	-0.0488  	0.00653  	-0.2083  	0.03134  	-0.0144  	0.14534  	-0.0733  	-0.2650  	-0.0964  	0.05035  	0.02954  	0.01997  	0.01995  	-6.8649  	0.00313  	0.02428  	-0.0955  	-0.0533  	-0.0278  	-0.0259  	-0.0366  	0.00621  	0.04497  	0.02992  	0.03224  	-0.0019  	-0.0221  	-0.0299  	0.00322  	0.07801  	-0.0033  	0.01769  	0.04875  	-0.0764  	0.01313  	0.04579  	0.85449  	1.11780  	125.760  	104.299  	
-0.3959  	-0.0831  	-0.5891  	0.50861  	0.26475  	0.33098  	0.19129  	0.29346  	0.38691  	0.29739  	0.68120  	0.65016  	-0.5374  	-0.8966  	-0.3205  	-0.3184  	0.69913  	0.40932  	0.82070  	0.41180  	0.45502  	0.70413  	0.55248  	0.16624  	0.42182  	0.19410  	0.17357  	-0.4308  	-0.1303  	-0.2614  	-0.2519  	-0.1310  	0.12060  	-0.0559  	-0.0231  	-0.1914  	0.05572  	0.00398  	0.13178  	-0.0896  	-0.2120  	-0.0953  	0.05291  	0.01923  	0.01486  	0.02477  	0.00104  	0.01121  	0.00649  	-0.0933  	-0.0583  	-0.0233  	-0.0222  	-0.0394  	0.00438  	0.04542  	0.02738  	0.02489  	-0.0135  	-0.0238  	-0.0236  	0.00418  	0.07849  	0.00448  	0.01769  	0.04875  	-0.0764  	0.01313  	0.04579  	0.85449  	1.11780  	125.760  	104.299  	
-0.3987  	-0.0986  	-0.6309  	0.52024  	0.23508  	0.34148  	0.14709  	0.29691  	0.37783  	0.30536  	0.66822  	0.65273  	-0.5315  	-0.8743  	-0.2858  	-0.3401  	0.72911  	0.37265  	0.80544  	0.38017  	0.47649  	0.72604  	0.59642  	0.15340  	0.42188  	0.21164  	0.18025  	-0.4805  	-0.1770  	-0.2663  	-0.2275  	-0.1262  	0.12084  	-0.0697  	-0.0311  	-0.2243  	0.07555  	0.01633  	0.11735  	-0.1134  	-0.2205  	-0.0905  	0.04795  	0.02717  	0.01955  	0.02351  	0.00480  	0.00045  	0.00365  	-0.0918  	-0.0700  	-0.0230  	-0.0298  	-0.0375  	0.00875  	0.04275  	0.02718  	0.02469  	-0.0145  	-0.0303  	-0.0235  	0.00989  	0.08137  	0.00418  	0.01769  	0.04875  	-0.0764  	0.01313  	0.04579  	0.85449  	1.11780  	125.760  	104.299  	
-0.3219  	-0.0411  	-0.6416  	0.57545  	0.28060  	0.32513  	0.16595  	0.32305  	0.40193  	0.32123  	0.62169  	0.71531  	-0.4594  	-0.7804  	-0.2298  	-0.3783  	0.71153  	0.37743  	0.80714  	0.40870  	0.42050  	0.73526  	0.55742  	0.11580  	0.40643  	0.21738  	0.09886  	-0.3735  	-0.1236  	-0.2648  	-0.2194  	-0.1496  	0.15984  	-0.0500  	-0.0458  	-0.2312  	0.04386  	0.00556  	0.14446  	-0.1138  	-0.2297  	-0.1050  	0.06532  	0.02002  	0.01084  	0.01841  	0.00876  	0.00798  	0.01264  	-0.0884  	-0.0668  	-0.0234  	-0.0283  	-0.0405  	0.00500  	0.03784  	0.01937  	0.02809  	-0.0135  	-0.0296  	-0.0189  	0.01107  	0.08324  	0.00238  	0.01769  	0.04875  	-0.0764  	0.01313  	0.04579  	0.85449  	1.11780  	125.760  	104.299  	
-0.0145  	0.08024  	-0.4135  	0.71935  	0.30369  	0.50545  	0.20056  	0.50099  	0.46484  	0.23992  	0.68892  	0.74991  	-0.4054  	-0.5208  	-0.0551  	-0.2633  	0.70256  	0.33864  	0.77720  	0.43923  	0.66476  	0.71471  	0.52980  	0.14386  	0.37064  	0.18002  	0.14967  	-0.5130  	-0.2299  	-0.2814  	-0.2330  	-0.1319  	0.19604  	-0.0605  	0.05511  	-0.3122  	0.15610  	0.03911  	0.10773  	-0.1452  	-0.2484  	-0.1164  	0.04692  	0.01251  	0.01149  	0.02811  	0.01333  	0.01617  	0.01211  	-0.0845  	-0.0655  	-0.0274  	-0.0263  	-0.0451  	0.00194  	0.04696  	0.01105  	0.03151  	-0.0245  	-0.0278  	-0.0269  	0.02845  	0.08320  	-0.0004  	0.01769  	0.04875  	-0.0764  	0.01313  	0.04579  	0.85449  	1.11780  	125.760  	104.299  	
-0.1140  	0.05369  	-0.4407  	0.61783  	0.34285  	0.34002  	0.18724  	0.40662  	0.44375  	0.33435  	0.63202  	0.66401  	-0.3094  	-0.6393  	-0.1673  	-0.3351  	0.74531  	0.29847  	0.82781  	0.18327  	0.43372  	0.45141  	0.15664  	0.05749  	0.37695  	0.30094  	0.00449  	-0.3818  	0.00428  	-0.2771  	-0.0992  	-0.2042  	0.10845  	-0.2107  	-0.1272  	-0.2351  	-0.1302  	-0.0245  	0.10100  	-0.1741  	-0.1433  	0.04507  	-0.0248  	0.06178  	-0.0652  	0.04786  	-0.0188  	0.05843  	0.01133  	-0.0948  	-0.0419  	-0.0207  	-0.0232  	-0.0256  	0.01653  	0.04042  	0.01340  	0.01453  	-0.0106  	-0.0205  	-0.0209  	0.01278  	0.06041  	0.00422  	0.01769  	0.04875  	-0.0764  	0.01313  	0.04579  	0.85449  	1.11780  	125.760  	104.299  	
-0.2774  	0.01610  	-0.4761  	0.54772  	0.32654  	0.23311  	0.18390  	0.42484  	0.37603  	0.34632  	0.71525  	0.65439  	-0.3191  	-0.6995  	-0.2399  	-0.4526  	0.81873  	0.14388  	0.90889  	-0.0143  	0.50261  	0.22833  	-0.0462  	0.15346  	0.36090  	0.35443  	0.10940  	-0.5342  	0.01912  	-0.3018  	0.01890  	-0.2403  	0.02360  	-0.3599  	-0.1186  	-0.2332  	-0.1454  	-0.0259  	-0.0579  	-0.2160  	-0.1241  	0.13591  	-0.1530  	0.15539  	-0.0901  	0.05707  	-0.0427  	0.04245  	-0.0108  	-0.1214  	-0.0412  	-0.0184  	-0.0332  	-0.0198  	0.02010  	0.04071  	0.01700  	0.00669  	-0.0245  	-0.0133  	-0.0110  	0.01194  	0.05654  	0.01044  	0.01769  	0.04875  	-0.0764  	0.01313  	0.04579  	0.85449  	1.11780  	125.760  	104.299  	
-0.5440  	-0.1416  	-0.6860  	0.42060  	0.30949  	0.01611  	0.15870  	0.37771  	0.34618  	0.32640  	0.90421  	0.65721  	-0.4046  	-0.8693  	-0.2773  	-0.5223  	0.84844  	0.10090  	0.94620  	-0.0411  	0.61364  	0.18858  	-0.0619  	0.22565  	0.35034  	0.39592  	0.12380  	-0.5650  	0.01276  	-0.3066  	0.04008  	-0.2520  	-0.0189  	-0.3897  	-0.0888  	-0.2677  	-0.1228  	-0.0260  	-0.1074  	-0.2884  	-0.1158  	0.16852  	-0.2107  	0.15150  	-0.0792  	0.06621  	-0.0441  	0.02754  	-0.0308  	-0.1100  	-0.0491  	-0.0102  	-0.0252  	-0.0060  	0.02009  	0.03581  	0.02437  	0.00345  	-0.0134  	0.00337  	-0.0165  	0.00859  	0.04637  	0.00182  	0.01769  	0.04875  	-0.0764  	0.01313  	0.04579  	0.85449  	1.11780  	125.760  	104.299  	
-0.6187  	-0.1418  	-0.7434  	0.34261  	0.24523  	-0.0214  	0.11094  	0.40670  	0.33781  	0.31655  	0.93150  	0.68641  	-0.4504  	-0.9463  	-0.3245  	-0.5276  	0.84024  	0.11543  	0.94349  	0.02664  	0.58266  	0.20950  	0.03322  	0.16490  	0.29670  	0.38267  	0.14842  	-0.5331  	0.00626  	-0.3279  	-0.0292  	-0.2295  	-0.0258  	-0.3697  	-0.0850  	-0.2455  	-0.1152  	0.01363  	-0.0892  	-0.2478  	-0.1220  	0.13871  	-0.1995  	0.14669  	-0.0770  	0.05918  	-0.0202  	0.01540  	-0.0273  	-0.1126  	-0.0496  	-0.0126  	-0.0249  	-0.0083  	0.02291  	0.03366  	0.02162  	0.00948  	-0.0228  	0.00555  	-0.0186  	0.00267  	0.04803  	0.00428  	0.01769  	0.04875  	-0.0764  	0.01313  	0.04579  	0.85449  	1.11780  	125.760  	104.299  	
-0.6045  	-0.1211  	-0.6477  	0.35858  	0.22116  	0.12436  	0.15383  	0.36209  	0.36877  	0.33180  	0.88108  	0.64860  	-0.4538  	-0.8764  	-0.3587  	-0.4397  	0.80863  	0.22468  	0.84014  	0.21536  	0.48801  	0.44363  	0.25957  	0.19065  	0.34371  	0.31952  	0.08829  	-0.4394  	-0.0509  	-0.3318  	-0.1087  	-0.1975  	0.04980  	-0.2263  	-0.1211  	-0.2387  	-0.0647  	-0.0022  	0.05141  	-0.2322  	-0.1498  	0.03457  	-0.0693  	0.06421  	-0.0389  	0.04204  	-0.0124  	0.02726  	-0.0090  	-0.0993  	-0.0557  	-0.0122  	-0.0275  	-0.0206  	0.01546  	0.03759  	0.01985  	0.01323  	-0.0137  	-0.0101  	-0.0183  	0.00733  	0.06107  	0.00446  	0.01769  	0.04875  	-0.0764  	0.01313  	0.04579  	0.85449  	1.11780  	125.760  	104.299  	
-0.4643  	-0.0665  	-0.6461  	0.48466  	0.32151  	0.27758  	0.16351  	0.33353  	0.39911  	0.30590  	0.66629  	0.69506  	-0.4558  	-0.7638  	-0.2613  	-0.3504  	0.70558  	0.41430  	0.79023  	0.45408  	0.37832  	0.70837  	0.52098  	0.11476  	0.38602  	0.22197  	0.08624  	-0.3068  	-0.0849  	-0.2797  	-0.2038  	-0.1671  	0.16995  	-0.0520  	-0.0855  	-0.2359  	-0.0087  	-0.0321  	0.19426  	-0.1222  	-0.2209  	-0.1038  	0.07008  	0.00264  	0.01830  	0.02545  	0.00502  	0.01024  	0.01729  	-0.0871  	-0.0598  	-0.0205  	-0.0301  	-0.0446  	0.00850  	0.04221  	0.02253  	0.02168  	-0.0072  	-0.0250  	-0.0208  	0.01386  	0.07807  	0.00591  	0.01769  	0.04875  	-0.0764  	0.01313  	0.04579  	0.85449  	1.11780  	125.760  	104.299  	
-0.3129  	-0.0182  	-0.5682  	0.63352  	0.38246  	0.33246  	0.14508  	0.37609  	0.42727  	0.30453  	0.61898  	0.75500  	-0.4577  	-0.6828  	-0.1625  	-0.3381  	0.69727  	0.39478  	0.77236  	0.42967  	0.47944  	0.68583  	0.52335  	0.11232  	0.34665  	0.20920  	0.07221  	-0.3373  	-0.1178  	-0.2774  	-0.2135  	-0.1468  	0.19019  	-0.0515  	-0.0271  	-0.2823  	0.03913  	-0.0100  	0.17253  	-0.1178  	-0.2154  	-0.1013  	0.05944  	0.01190  	0.01377  	0.02878  	0.00632  	0.00988  	0.00618  	-0.0877  	-0.0665  	-0.0210  	-0.0319  	-0.0429  	0.00691  	0.04342  	0.02078  	0.02454  	-0.0157  	-0.0316  	-0.0185  	0.01293  	0.07307  	0.00495  	0.01769  	0.04875  	-0.0764  	0.01313  	0.04579  	0.85449  	1.11780  	125.760  	104.299  	
-0.1796  	0.03792  	-0.5003  	0.66819  	0.33047  	0.38663  	0.13623  	0.44404  	0.42747  	0.25721  	0.70656  	0.74910  	-0.4608  	-0.5903  	-0.0879  	-0.2895  	0.69266  	0.33824  	0.78454  	0.40347  	0.64423  	0.67783  	0.50559  	0.18622  	0.36697  	0.18217  	0.18489  	-0.4857  	-0.2649  	-0.2867  	-0.2238  	-0.1255  	0.18197  	-0.0548  	0.09329  	-0.3187  	0.15441  	0.02200  	0.09677  	-0.1552  	-0.2605  	-0.0877  	0.03811  	-0.0024  	0.01476  	0.02745  	0.01029  	-0.0047  	0.00687  	-0.0818  	-0.0669  	-0.0245  	-0.0246  	-0.0403  	0.00270  	0.04865  	0.02022  	0.02192  	-0.0116  	-0.0233  	-0.0200  	0.01926  	0.07963  	0.00155  	0.01769  	0.04875  	-0.0764  	0.01313  	0.04579  	0.85449  	1.11780  	125.760  	104.299  	
0.03364  	0.10955  	-0.3852  	0.71233  	0.30384  	0.48137  	0.14410  	0.51343  	0.47440  	0.22154  	0.76323  	0.72853  	-0.4529  	-0.5078  	-0.0262  	-0.2285  	0.71986  	0.28617  	0.79767  	0.29944  	0.79907  	0.69375  	0.55866  	0.24105  	0.33864  	0.16414  	0.30253  	-0.6919  	-0.4389  	-0.2928  	-0.2462  	-0.0770  	0.17866  	-0.0800  	0.18310  	-0.3743  	0.29051  	0.07565  	0.04160  	-0.1939  	-0.3075  	-0.0929  	0.03784  	-0.0045  	0.01119  	0.03326  	0.00488  	0.00671  	0.01241  	-0.0764  	-0.0708  	-0.0211  	-0.0239  	-0.0315  	0.00643  	0.06073  	0.01048  	0.02301  	-0.0119  	-0.0247  	-0.0164  	0.02065  	0.07143  	-0.0057  	0.01769  	0.04875  	-0.0764  	0.01313  	0.04579  	0.85449  	1.11780  	125.760  	104.299  	
0.03003  	0.09538  	-0.3946  	0.72326  	0.30033  	0.48277  	0.16364  	0.51320  	0.48554  	0.21515  	0.76967  	0.72100  	-0.4456  	-0.5041  	-0.0219  	-0.2467  	0.71167  	0.28512  	0.79432  	0.30329  	0.79405  	0.69366  	0.56059  	0.24847  	0.33786  	0.16210  	0.30354  	-0.6865  	-0.4405  	-0.3004  	-0.2533  	-0.0822  	0.17949  	-0.0801  	0.19223  	-0.3750  	0.28699  	0.07488  	0.03331  	-0.1876  	-0.3105  	-0.0953  	0.03590  	0.00034  	0.01688  	0.03135  	0.00343  	0.00336  	0.01282  	-0.0760  	-0.0682  	-0.0210  	-0.0242  	-0.0334  	0.00406  	0.06003  	0.01143  	0.02375  	-0.0131  	-0.0262  	-0.0178  	0.02157  	0.07153  	-0.0057  	0.01769  	0.04875  	-0.0764  	0.01313  	0.04579  	0.85449  	1.11780  	125.760  	104.299  	
0.10992  	0.12655  	-0.3223  	0.71125  	0.26999  	0.55760  	0.18111  	0.56780  	0.51906  	0.18710  	0.80317  	0.74830  	-0.4442  	-0.4632  	-0.0106  	-0.1932  	0.72091  	0.26086  	0.81081  	0.27314  	0.83178  	0.71211  	0.61903  	0.29763  	0.34319  	0.15720  	0.34044  	-0.7429  	-0.4783  	-0.2976  	-0.2451  	-0.0716  	0.19112  	-0.0806  	0.20626  	-0.3908  	0.32475  	0.08885  	0.03645  	-0.2030  	-0.3196  	-0.0963  	0.05155  	0.00064  	0.01083  	0.02842  	-0.0001  	0.02126  	0.02086  	-0.0799  	-0.0720  	-0.0190  	-0.0260  	-0.0317  	0.00380  	0.06138  	0.01121  	0.02559  	-0.0177  	-0.0208  	-0.0183  	0.01792  	0.07693  	-0.0023  	0.01769  	0.04875  	-0.0764  	0.01313  	0.04579  	0.85449  	1.11780  	125.760  	104.299  	
0.12663  	0.12531  	-0.3110  	0.71599  	0.27338  	0.57001  	0.18113  	0.57753  	0.52271  	0.19073  	0.80069  	0.75895  	-0.4340  	-0.4463  	-0.0158  	-0.1761  	0.71909  	0.25730  	0.80989  	0.26421  	0.83099  	0.71487  	0.62476  	0.30453  	0.33880  	0.15693  	0.34215  	-0.7494  	-0.4839  	-0.2891  	-0.2467  	-0.0705  	0.19300  	-0.0781  	0.20665  	-0.3903  	0.32715  	0.08952  	0.04161  	-0.2060  	-0.3255  	-0.0924  	0.05076  	0.00041  	0.00954  	0.02873  	-0.0009  	0.02199  	0.02386  	-0.0844  	-0.0723  	-0.0189  	-0.0245  	-0.0301  	0.00386  	0.06153  	0.00831  	0.02632  	-0.0180  	-0.0193  	-0.0173  	0.01809  	0.07908  	-0.0010  	0.01769  	0.04875  	-0.0764  	0.01313  	0.04579  	0.85449  	1.11780  	125.760  	104.299  	
0.12466  	0.12400  	-0.3127  	0.71655  	0.27750  	0.56899  	0.18065  	0.57604  	0.52172  	0.19407  	0.80094  	0.75927  	-0.4348  	-0.4481  	-0.0175  	-0.1767  	0.71963  	0.25730  	0.80805  	0.26584  	0.82567  	0.71280  	0.62351  	0.30281  	0.33711  	0.15734  	0.33922  	-0.7457  	-0.4822  	-0.2889  	-0.2469  	-0.0707  	0.19321  	-0.0783  	0.20595  	-0.3896  	0.32519  	0.08920  	0.04229  	-0.2061  	-0.3247  	-0.0926  	0.05070  	0.00027  	0.00914  	0.02889  	-0.0010  	0.02184  	0.02376  	-0.0847  	-0.0720  	-0.0186  	-0.0245  	-0.0302  	0.00407  	0.06127  	0.00860  	0.02605  	-0.0177  	-0.0195  	-0.0173  	0.01803  	0.07878  	-0.0009  	0.01769  	0.04875  	-0.0764  	0.01313  	0.04579  	0.85449  	1.11780  	125.760  	104.299  	
0.12431  	0.12366  	-0.3132  	0.71686  	0.27784  	0.56896  	0.18065  	0.57586  	0.52156  	0.19421  	0.80098  	0.75915  	-0.4350  	-0.4485  	-0.0170  	-0.1770  	0.71995  	0.25733  	0.80782  	0.26625  	0.82514  	0.71255  	0.62349  	0.30287  	0.33714  	0.15741  	0.33898  	-0.7454  	-0.4820  	-0.2888  	-0.2470  	-0.0707  	0.19308  	-0.0783  	0.20592  	-0.3896  	0.32490  	0.08922  	0.04236  	-0.2062  	-0.3248  	-0.0927  	0.05069  	0.00023  	0.00914  	0.02893  	-0.0010  	0.02179  	0.02373  	-0.0847  	-0.0720  	-0.0185  	-0.0246  	-0.0303  	0.00407  	0.06123  	0.00864  	0.02604  	-0.0177  	-0.0196  	-0.0174  	0.01803  	0.07876  	-0.0008  	0.01769  	0.04875  	-0.0764  	0.01313  	0.04579  	0.85449  	1.11780  	125.760  	104.299  	
0.12431  	0.12366  	-0.3132  	0.71686  	0.27784  	0.56896  	0.18065  	0.57586  	0.52156  	0.19421  	0.80098  	0.75915  	-0.4350  	-0.4485  	-0.0170  	-0.1770  	0.71995  	0.25733  	0.80782  	0.26625  	0.82514  	0.71255  	0.62349  	0.30287  	0.33714  	0.15741  	0.33898  	-0.7454  	-0.4820  	-0.2888  	-0.2470  	-0.0707  	0.19308  	-0.0783  	0.20592  	-0.3896  	0.32490  	0.08922  	0.04236  	-0.2062  	-0.3248  	-0.0927  	0.05069  	0.00023  	0.00914  	0.02893  	-0.0010  	0.02179  	0.02373  	-0.0847  	-0.0720  	-0.0185  	-0.0246  	-0.0303  	0.00407  	0.06123  	0.00864  	0.02604  	-0.0177  	-0.0196  	-0.0174  	0.01803  	0.07876  	-0.0008  	0.01769  	0.04875  	-0.0764  	0.01313  	0.04579  	0.85449  	1.11780  	125.760  	104.299  	
