0.10458  	-0.1797  	-0.0778  	0.32493  	0.50353  	-0.3030  	-0.0930  	0.57537  	0.32008  	0.09552  	0.31578  	0.32883  	0.06562  	-0.0375  	0.25411  	-0.4868  	0.56002  	0.28898  	0.56852  	0.24435  	0.07056  	0.81239  	0.49226  	0.42140  	0.53193  	0.10541  	0.37309  	-0.5694  	0.22475  	0.11026  	-0.0560  	-0.1394  	0.14711  	0.00791  	0.07128  	-0.2715  	-0.1131  	-0.1802  	0.12867  	0.19240  	-0.2689  	0.10819  	-0.0590  	0.16349  	0.07992  	-0.0245  	-0.0119  	0.10796  	0.06644  	-0.1489  	-0.0754  	-0.0592  	-0.0269  	-0.0334  	-0.0334  	0.04246  	0.00448  	0.00548  	0.01110  	0.00199  	-0.0221  	0.03032  	0.01684  	0.01274  	0.16115  	-0.0244  	0.00460  	0.00695  	-0.0231  	1.15814  	1.11899  	128.088  	110.912  	
0.28203  	-0.0851  	0.05456  	0.19281  	0.41951  	-0.2198  	-0.0671  	0.59710  	0.34700  	0.14794  	0.23958  	0.12762  	0.10765  	0.05595  	0.23586  	-0.4924  	0.61128  	0.27724  	0.56138  	0.12981  	0.09428  	0.83652  	0.57290  	0.41227  	0.55016  	0.08028  	0.41286  	-0.7311  	0.25616  	0.12805  	-0.0266  	-0.1395  	0.10650  	-0.0095  	0.03717  	-0.2939  	-0.1084  	-0.1785  	0.14804  	0.21007  	-0.2001  	0.08490  	-0.0279  	0.19354  	0.06454  	-0.0145  	-0.0270  	0.12572  	0.07187  	-0.1527  	-0.0742  	-0.0489  	-0.0266  	-0.0332  	-0.0304  	0.05247  	-0.0067  	0.00551  	0.00300  	0.00554  	-0.0202  	0.03589  	0.00528  	0.00719  	0.16115  	-0.0244  	0.00460  	0.00695  	-0.0231  	1.15814  	1.11899  	128.088  	110.912  	
0.22822  	-0.0688  	0.04408  	-0.1015  	0.33710  	-0.3363  	-0.0365  	0.60241  	0.34210  	0.23790  	0.30984  	0.07540  	0.14612  	0.10401  	0.17065  	-0.5896  	0.60135  	0.22814  	0.57328  	0.08832  	0.09485  	0.87963  	0.59007  	0.44211  	0.61182  	0.07828  	0.49952  	-0.8300  	0.17679  	0.09833  	0.02598  	-0.1465  	0.09870  	-0.0222  	0.03623  	-0.2596  	-0.0691  	-0.1510  	0.11161  	0.21246  	-0.2044  	0.07532  	-0.0202  	0.20089  	0.04988  	-0.0249  	-0.0192  	0.14007  	0.07621  	-0.1495  	-0.0733  	-0.0490  	-0.0297  	-0.0302  	-0.0338  	0.04546  	-0.0126  	0.00320  	-0.0012  	0.01167  	-0.0134  	0.03815  	0.01708  	0.01371  	0.16115  	-0.0244  	0.00460  	0.00695  	-0.0231  	1.15814  	1.11899  	128.088  	110.912  	
-0.1953  	-0.2223  	-0.1272  	-0.1141  	0.30999  	-0.5728  	-0.0780  	0.55812  	0.28458  	0.18636  	0.70800  	0.28633  	-0.0352  	-0.1020  	-0.0755  	-0.4227  	0.60894  	0.30523  	0.58333  	0.27210  	0.22966  	0.73962  	0.50535  	0.51424  	0.41186  	0.10807  	0.42152  	-0.7982  	0.01576  	0.00311  	0.00198  	-0.1012  	0.15553  	-0.0307  	0.10560  	-0.2703  	0.03225  	-0.1247  	0.01290  	0.19842  	-0.2142  	0.10059  	-0.0790  	0.17751  	0.07070  	-0.0307  	0.00025  	0.09596  	0.04657  	-0.1374  	-0.0818  	-0.0542  	-0.0459  	-0.0295  	-0.0333  	0.04448  	-0.0099  	-0.0045  	0.00098  	0.00738  	-0.0052  	0.03632  	0.00602  	0.01928  	0.16115  	-0.0244  	0.00460  	0.00695  	-0.0231  	1.15814  	1.11899  	128.088  	110.912  	
-0.4678  	-0.3494  	-0.2687  	-0.2399  	0.32310  	-0.6528  	-0.1287  	0.50819  	0.28700  	0.14914  	0.86597  	0.41952  	-0.1243  	-0.4002  	-0.1908  	-0.4681  	0.57282  	0.32852  	0.57321  	0.34110  	0.17498  	0.68756  	0.49677  	0.48297  	0.27076  	0.15218  	0.23992  	-0.6624  	-0.0147  	-0.0459  	0.04557  	-0.1214  	0.16147  	-0.0192  	0.08505  	-0.3306  	0.01131  	-0.1213  	0.04647  	0.14228  	-0.1805  	0.08243  	-0.0831  	0.16115  	0.08785  	-0.0192  	0.01249  	0.06787  	0.02272  	-0.1282  	-0.0914  	-0.0556  	-0.0309  	-0.0309  	-0.0368  	0.02348  	-0.0050  	0.00350  	-0.0069  	0.00919  	-0.0141  	0.03482  	0.00036  	0.02036  	0.16115  	-0.0244  	0.00460  	0.00695  	-0.0231  	1.15814  	1.11899  	128.088  	110.912  	
-0.0098  	-0.1821  	-0.1356  	-0.1586  	0.29903  	-0.5110  	-0.0756  	0.58311  	0.30828  	0.15100  	0.63063  	0.37321  	-0.0252  	-0.1221  	0.10983  	-0.4977  	0.56536  	0.27481  	0.57586  	0.20830  	0.24353  	0.76469  	0.57635  	0.52091  	0.30432  	0.11308  	0.36522  	-0.8097  	0.00936  	-0.0123  	0.01158  	-0.1157  	0.14916  	-0.0353  	0.06716  	-0.3760  	0.01773  	-0.1528  	0.03363  	0.19113  	-0.2076  	0.07524  	-0.0750  	0.17430  	0.08652  	-0.0221  	-0.0091  	0.10399  	0.04987  	-0.1300  	-0.0863  	-0.0574  	-0.0325  	-0.0285  	-0.0367  	0.04355  	0.00102  	-0.0046  	-0.0015  	0.01527  	-0.0082  	0.03390  	-0.0045  	0.01555  	0.16115  	-0.0244  	0.00460  	0.00695  	-0.0231  	1.15814  	1.11899  	128.088  	110.912  	
0.21184  	-0.1052  	0.15065  	-0.0213  	0.28819  	-0.2121  	-0.0545  	0.64278  	0.36709  	0.11144  	0.32648  	0.24198  	0.06029  	0.06082  	0.22430  	-0.4742  	0.62174  	0.28533  	0.56894  	0.11745  	0.16117  	0.81872  	0.64449  	0.45123  	0.41029  	0.12520  	0.37641  	-0.8241  	0.07423  	0.04040  	0.02400  	-0.1263  	0.15292  	-0.0096  	0.03244  	-0.3244  	-0.0211  	-0.1120  	0.07323  	0.15449  	-0.1697  	0.06794  	-0.0197  	0.20611  	0.06008  	-0.0216  	-0.0186  	0.13074  	0.06974  	-0.1500  	-0.0890  	-0.0505  	-0.0363  	-0.0317  	-0.0298  	0.05331  	-0.0106  	0.00830  	0.00015  	0.00169  	-0.0111  	0.04813  	0.01642  	0.01251  	0.16115  	-0.0244  	0.00460  	0.00695  	-0.0231  	1.15814  	1.11899  	128.088  	110.912  	
0.25470  	-0.0546  	0.16935  	-0.0908  	0.26435  	-0.2265  	0.01467  	0.65049  	0.36200  	0.22881  	0.30366  	0.06316  	0.11183  	-0.0024  	0.06899  	-0.5160  	0.62708  	0.24780  	0.62114  	-0.0552  	0.09922  	0.92216  	0.69851  	0.45925  	0.57318  	0.10306  	0.52342  	-0.9037  	0.12921  	0.08442  	0.02428  	-0.1186  	0.11083  	-0.0400  	-0.0366  	-0.3200  	0.01417  	-0.1067  	0.10463  	0.15577  	-0.1791  	0.08232  	0.01515  	0.20766  	0.03705  	-0.0273  	-0.0318  	0.15241  	0.07997  	-0.1540  	-0.0878  	-0.0475  	-0.0250  	-0.0221  	-0.0327  	0.05612  	-0.0207  	-0.0045  	-0.0040  	0.01445  	-0.0088  	0.04714  	0.01730  	0.01111  	0.16115  	-0.0244  	0.00460  	0.00695  	-0.0231  	1.15814  	1.11899  	128.088  	110.912  	
0.04888  	-0.1121  	0.09702  	-0.3241  	0.18671  	-0.5132  	-0.0161  	0.64552  	0.33689  	0.30008  	0.56707  	0.08319  	0.05901  	0.08360  	-0.0333  	-0.5093  	0.57194  	0.21695  	0.57601  	0.23167  	0.19362  	0.88563  	0.47919  	0.54905  	0.57836  	0.07233  	0.50069  	-0.9155  	0.03066  	0.02746  	0.03870  	-0.1163  	0.15449  	-0.0490  	0.10124  	-0.2931  	0.06143  	-0.1320  	0.05261  	0.19928  	-0.1962  	0.09342  	-0.0420  	0.19328  	0.06704  	-0.0221  	-0.0105  	0.11304  	0.06265  	-0.1381  	-0.0690  	-0.0477  	-0.0408  	-0.0273  	-0.0459  	0.04289  	-0.0131  	4.91086  	-0.0011  	0.01254  	-0.0143  	0.05341  	0.02302  	0.01727  	0.16115  	-0.0244  	0.00460  	0.00695  	-0.0231  	1.15814  	1.11899  	128.088  	110.912  	
-0.4349  	-0.2750  	-0.2654  	-0.3812  	0.19750  	-0.6760  	-0.1188  	0.51117  	0.29888  	0.18542  	0.90490  	0.34063  	-0.1214  	-0.3192  	-0.2534  	-0.4754  	0.59762  	0.34501  	0.58590  	0.34494  	0.25803  	0.70758  	0.56163  	0.53709  	0.25203  	0.15240  	0.29475  	-0.7478  	-0.0560  	-0.0665  	0.06953  	-0.1169  	0.17598  	-0.0423  	0.06518  	-0.3245  	0.06640  	-0.1252  	-0.0076  	0.18083  	-0.2133  	0.07169  	-0.1083  	0.17453  	0.06325  	-0.0217  	-0.0023  	0.05700  	0.04865  	-0.1348  	-0.0696  	-0.0465  	-0.0341  	-0.0223  	-0.0397  	0.03718  	-0.0143  	-0.0033  	0.01564  	0.01198  	-0.0199  	0.04497  	0.01180  	0.01223  	0.16115  	-0.0244  	0.00460  	0.00695  	-0.0231  	1.15814  	1.11899  	128.088  	110.912  	
-0.7368  	-0.4239  	-0.3780  	-0.5682  	0.13221  	-0.8850  	-0.1836  	0.44396  	0.25461  	0.26896  	0.99304  	0.29272  	-0.1874  	-0.5969  	-0.4594  	-0.5202  	0.59015  	0.40402  	0.59625  	0.38249  	0.18157  	0.62479  	0.55879  	0.38826  	0.23954  	0.16090  	0.19319  	-0.6982  	-0.0347  	-0.0879  	0.06284  	-0.1649  	0.16040  	-0.0285  	0.04188  	-0.2831  	0.02849  	-0.1004  	0.03719  	0.09736  	-0.1864  	0.08305  	-0.0601  	0.15913  	0.08918  	-0.0166  	0.00299  	0.06914  	0.01312  	-0.1262  	-0.0887  	-0.0547  	-0.0370  	-0.0179  	-0.0337  	0.02606  	-0.0048  	0.00811  	-0.0136  	0.00342  	-0.0251  	0.03983  	0.02498  	0.02991  	0.16115  	-0.0244  	0.00460  	0.00695  	-0.0231  	1.15814  	1.11899  	128.088  	110.912  	
-0.7158  	-0.3750  	-0.2813  	-0.7764  	-8.3953  	-0.8856  	-0.1603  	0.48029  	0.26861  	0.33783  	1.03325  	0.18528  	-0.2120  	-0.6236  	-0.6640  	-0.4710  	0.64066  	0.38945  	0.61207  	0.31310  	0.13822  	0.66378  	0.66835  	0.35523  	0.31091  	0.17967  	0.19616  	-0.6603  	0.08682  	-0.0834  	0.06125  	-0.1591  	0.13143  	-0.0426  	-0.0849  	-0.2448  	-0.0136  	-0.1009  	0.08614  	0.08266  	-0.1100  	0.05420  	-0.0524  	0.18496  	0.07875  	-0.0187  	-0.0070  	0.07509  	0.03928  	-0.1464  	-0.0867  	-0.0579  	-0.0273  	-0.0314  	-0.0309  	0.03202  	-0.0010  	0.01932  	0.00625  	0.00924  	-0.0124  	0.03605  	0.02789  	0.02801  	0.16115  	-0.0244  	0.00460  	0.00695  	-0.0231  	1.15814  	1.11899  	128.088  	110.912  	
-0.6504  	-0.3433  	-0.2267  	-0.8034  	-0.0441  	-0.8208  	-0.0928  	0.41481  	0.26473  	0.33937  	0.91432  	0.15508  	-0.1942  	-0.6567  	-0.6832  	-0.4810  	0.65327  	0.39626  	0.60044  	0.31208  	0.04378  	0.68866  	0.62605  	0.32071  	0.37435  	0.17991  	0.19892  	-0.6113  	0.16988  	-0.0762  	0.07537  	-0.1495  	0.11983  	-0.0211  	-0.1650  	-0.1892  	-0.0791  	-0.1152  	0.11153  	0.09693  	-0.0586  	0.05008  	-0.0230  	0.19980  	0.08117  	-0.0312  	-0.0073  	0.09062  	0.03505  	-0.1491  	-0.0930  	-0.0496  	-0.0258  	-0.0268  	-0.0263  	0.02942  	-0.0005  	0.01364  	-0.0002  	0.00303  	-0.0069  	0.04006  	0.01926  	0.02893  	0.16115  	-0.0244  	0.00460  	0.00695  	-0.0231  	1.15814  	1.11899  	128.088  	110.912  	
-0.6581  	-0.3294  	-0.2142  	-0.7480  	0.00386  	-0.7846  	-0.0968  	0.41083  	0.26835  	0.32616  	0.84361  	0.18094  	-0.1764  	-0.6584  	-0.6870  	-0.4357  	0.62764  	0.40169  	0.60413  	0.29591  	-0.0179  	0.69430  	0.61208  	0.29457  	0.36449  	0.19488  	0.19633  	-0.5619  	0.19798  	-0.0678  	0.08311  	-0.1487  	0.12786  	-0.0155  	-0.2047  	-0.1746  	-0.1151  	-0.1274  	0.13730  	0.09675  	-0.0493  	0.04946  	-0.0100  	0.19940  	0.07756  	-0.0339  	-0.0070  	0.10109  	0.03003  	-0.1460  	-0.0860  	-0.0478  	-0.0250  	-0.0301  	-0.0281  	0.02922  	-0.0007  	0.00839  	0.00569  	0.00442  	-0.0054  	0.04156  	0.01937  	0.03447  	0.16115  	-0.0244  	0.00460  	0.00695  	-0.0231  	1.15814  	1.11899  	128.088  	110.912  	
-0.6535  	-0.3315  	-0.2208  	-0.7259  	0.01622  	-0.7470  	-0.1194  	0.40424  	0.26470  	0.28303  	0.80684  	0.18929  	-0.1787  	-0.6704  	-0.6485  	-0.4436  	0.62042  	0.39499  	0.61484  	0.27195  	-0.0441  	0.70379  	0.64550  	0.28933  	0.36023  	0.19514  	0.19412  	-0.5586  	0.20324  	-0.0544  	0.08449  	-0.1476  	0.11801  	-0.0150  	-0.2229  	-0.1816  	-0.1058  	-0.1222  	0.13392  	0.11005  	-0.0367  	0.03597  	-0.0049  	0.20977  	0.07635  	-0.0311  	-0.0089  	0.09664  	0.02752  	-0.1446  	-0.0916  	-0.0495  	-0.0253  	-0.0336  	-0.0305  	0.02859  	1.46105  	0.00820  	0.00538  	0.00082  	-0.0055  	0.03619  	0.02117  	0.03142  	0.16115  	-0.0244  	0.00460  	0.00695  	-0.0231  	1.15814  	1.11899  	128.088  	110.912  	
-0.6016  	-0.3412  	-0.2347  	-0.6866  	-0.0106  	-0.6856  	-0.1326  	0.39430  	0.27376  	0.24684  	0.79586  	0.19197  	-0.1958  	-0.7019  	-0.6463  	-0.4327  	0.62683  	0.41241  	0.61905  	0.25911  	-0.0562  	0.69426  	0.65861  	0.28534  	0.36900  	0.18690  	0.16999  	-0.5467  	0.22283  	-0.0435  	0.07259  	-0.1472  	0.10002  	-0.0165  	-0.2280  	-0.1823  	-0.1102  	-0.1149  	0.12042  	0.11578  	-0.0334  	0.03792  	0.01036  	0.21588  	0.07100  	-0.0349  	-0.0084  	0.09526  	0.03548  	-0.1475  	-0.0920  	-0.0494  	-0.0259  	-0.0285  	-0.0289  	0.03103  	-0.0048  	0.00661  	0.00070  	-0.0014  	-0.0063  	0.03567  	0.01965  	0.02883  	0.16115  	-0.0244  	0.00460  	0.00695  	-0.0231  	1.15814  	1.11899  	128.088  	110.912  	
-0.5926  	-0.3332  	-0.2639  	-0.6329  	0.00654  	-0.7016  	-0.1418  	0.40696  	0.27220  	0.26892  	0.82155  	0.22834  	-0.1983  	-0.6902  	-0.6686  	-0.4461  	0.62176  	0.41139  	0.60812  	0.29501  	-0.0178  	0.67997  	0.63376  	0.29294  	0.34731  	0.17931  	0.17460  	-0.5371  	0.21034  	-0.0556  	0.05948  	-0.1464  	0.09527  	-0.0201  	-0.2005  	-0.1721  	-0.1156  	-0.1177  	0.10638  	0.10893  	-0.0533  	0.04576  	0.00147  	0.20656  	0.07182  	-0.0336  	-0.0051  	0.09239  	0.04404  	-0.1494  	-0.0873  	-0.0522  	-0.0274  	-0.0258  	-0.0255  	0.03070  	-0.0010  	0.00688  	0.00503  	-0.0001  	-0.0078  	0.04003  	0.02026  	0.03122  	0.16115  	-0.0244  	0.00460  	0.00695  	-0.0231  	1.15814  	1.11899  	128.088  	110.912  	
-0.5373  	-0.3254  	-0.2592  	-0.5857  	0.04259  	-0.7443  	-0.1071  	0.39171  	0.26327  	0.26333  	0.81918  	0.22067  	-0.1833  	-0.6983  	-0.6294  	-0.4023  	0.60514  	0.43493  	0.61789  	0.32816  	-0.0393  	0.67747  	0.58375  	0.28504  	0.35828  	0.17091  	0.17098  	-0.5056  	0.17889  	-0.0579  	0.04906  	-0.1399  	0.10402  	-0.0238  	-0.1606  	-0.1667  	-0.1039  	-0.1236  	0.11330  	0.13030  	-0.0575  	0.03388  	-0.0157  	0.21199  	0.06102  	-0.0354  	0.00228  	0.09837  	0.04196  	-0.1458  	-0.0782  	-0.0465  	-0.0277  	-0.0272  	-0.0256  	0.03250  	-0.0006  	0.01051  	0.00458  	0.00015  	-0.0121  	0.03640  	0.02464  	0.02141  	0.16115  	-0.0244  	0.00460  	0.00695  	-0.0231  	1.15814  	1.11899  	128.088  	110.912  	
-0.5797  	-0.3210  	-0.2592  	-0.6083  	0.04784  	-0.7696  	-0.0817  	0.41422  	0.27016  	0.27633  	0.81464  	0.20980  	-0.1725  	-0.6169  	-0.5619  	-0.4447  	0.59482  	0.42367  	0.60611  	0.29446  	-0.0551  	0.72083  	0.59282  	0.31002  	0.36977  	0.15724  	0.19566  	-0.5350  	0.20485  	-0.0339  	0.05012  	-0.1462  	0.12364  	-0.0118  	-0.1608  	-0.1757  	-0.1153  	-0.1316  	0.10422  	0.12873  	-0.0564  	0.05149  	-0.0249  	0.19867  	0.06209  	-0.0316  	-0.0014  	0.10063  	0.04351  	-0.1489  	-0.0842  	-0.0504  	-0.0282  	-0.0279  	-0.0293  	0.02790  	0.00046  	0.00800  	0.00148  	-0.0007  	-0.0097  	0.03259  	0.02357  	0.02592  	0.16115  	-0.0244  	0.00460  	0.00695  	-0.0231  	1.15814  	1.11899  	128.088  	110.912  	
-0.6503  	-0.3371  	-0.3257  	-0.5261  	0.12744  	-0.8600  	-0.1296  	0.46685  	0.25335  	0.25088  	0.94127  	0.27182  	-0.1774  	-0.5101  	-0.4758  	-0.4637  	0.60889  	0.38495  	0.56900  	0.31468  	0.05540  	0.68218  	0.52330  	0.44604  	0.36031  	0.16250  	0.23491  	-0.6058  	0.13582  	-0.0465  	0.03751  	-0.1551  	0.12970  	-0.0251  	-0.0727  	-0.2164  	-0.0941  	-0.1342  	0.07959  	0.13934  	-0.1273  	0.06879  	-0.0717  	0.16404  	0.08461  	-0.0255  	0.00109  	0.07523  	0.03883  	-0.1416  	-0.0830  	-0.0499  	-0.0240  	-0.0276  	-0.0324  	0.02446  	0.00062  	0.00324  	0.00546  	0.01083  	-0.0099  	0.03955  	0.01054  	0.02318  	0.16115  	-0.0244  	0.00460  	0.00695  	-0.0231  	1.15814  	1.11899  	128.088  	110.912  	
-0.2491  	-0.2813  	-0.1634  	-0.2116  	0.31730  	-0.6482  	-0.1625  	0.62749  	0.31898  	0.16789  	0.76702  	0.37843  	-0.0794  	-0.2815  	-0.1641  	-0.3968  	0.60865  	0.32903  	0.60417  	0.32351  	0.21359  	0.65167  	0.56532  	0.48868  	0.23264  	0.15532  	0.23271  	-0.6229  	0.03796  	-0.0557  	0.03097  	-0.1326  	0.17033  	-0.0398  	0.02728  	-0.3648  	-0.0177  	-0.1420  	0.05279  	0.18454  	-0.1740  	0.07514  	-0.0682  	0.17319  	0.08970  	-0.0337  	0.00501  	0.06721  	0.03784  	-0.1349  	-0.0821  	-0.0572  	-0.0347  	-0.0293  	-0.0382  	0.03237  	3.35276  	-0.0016  	0.00192  	0.00977  	-0.0214  	0.04310  	-0.0028  	0.01442  	0.16115  	-0.0244  	0.00460  	0.00695  	-0.0231  	1.15814  	1.11899  	128.088  	110.912  	
0.20053  	-0.0995  	0.15598  	-0.0260  	0.26558  	-0.2716  	-0.0859  	0.66625  	0.35774  	0.12736  	0.34977  	0.21576  	0.09651  	0.04107  	0.14160  	-0.4656  	0.64861  	0.27285  	0.59928  	0.09149  	0.22500  	0.82197  	0.64896  	0.45786  	0.43277  	0.11803  	0.43052  	-0.8319  	0.07486  	0.04084  	0.02857  	-0.1312  	0.14758  	-0.0312  	0.04473  	-0.3306  	-0.0027  	-0.1315  	0.08113  	0.16206  	-0.1705  	0.08319  	-0.0232  	0.19567  	0.04801  	-0.0249  	-0.0167  	0.13722  	0.06246  	-0.1500  	-0.0850  	-0.0525  	-0.0325  	-0.0282  	-0.0337  	0.04825  	-0.0056  	0.00044  	0.00260  	0.00322  	-0.0150  	0.04847  	0.00944  	0.01088  	0.16115  	-0.0244  	0.00460  	0.00695  	-0.0231  	1.15814  	1.11899  	128.088  	110.912  	
0.03686  	-0.1336  	-0.0091  	-0.0358  	0.28077  	-0.4315  	-0.0725  	0.63877  	0.31247  	0.17986  	0.53488  	0.16465  	0.01269  	-0.0238  	0.09393  	-0.5015  	0.62254  	0.22999  	0.59308  	0.19109  	0.24253  	0.80896  	0.57947  	0.49284  	0.52500  	0.09747  	0.49955  	-0.8655  	0.02976  	0.05043  	0.00743  	-0.1015  	0.13333  	-0.0169  	0.12389  	-0.3119  	0.04731  	-0.1225  	0.05512  	0.18275  	-0.2364  	0.08273  	-0.0666  	0.18480  	0.06707  	-0.0269  	-0.0141  	0.10729  	0.05724  	-0.1464  	-0.0791  	-0.0523  	-0.0361  	-0.0286  	-0.0365  	0.04244  	-0.0133  	0.00592  	0.00440  	0.00589  	-0.0094  	0.04297  	0.01542  	0.00937  	0.16115  	-0.0244  	0.00460  	0.00695  	-0.0231  	1.15814  	1.11899  	128.088  	110.912  	
-0.3077  	-0.2313  	-0.2411  	-0.1351  	0.35363  	-0.7016  	-0.1797  	0.52708  	0.26248  	0.16366  	0.74136  	0.44390  	-0.0613  	-0.3600  	-0.0747  	-0.5279  	0.69039  	0.16019  	0.64786  	-0.0320  	0.25700  	0.49898  	0.28231  	0.53046  	0.25840  	0.20806  	0.32180  	-0.8003  	0.09501  	-0.0184  	0.11695  	-0.1418  	0.03055  	-0.1899  	0.03208  	-0.3403  	-0.0952  	-0.1254  	-0.1140  	0.06836  	-0.1191  	0.22471  	-0.2150  	0.24669  	0.00957  	-0.0041  	-0.0230  	0.10317  	0.02317  	-0.1534  	-0.0713  	-0.0495  	-0.0373  	-0.0075  	-0.0374  	0.03309  	0.01101  	-0.0029  	0.00697  	0.00493  	-0.0138  	0.03982  	-0.0043  	0.00717  	0.16115  	-0.0244  	0.00460  	0.00695  	-0.0231  	1.15814  	1.11899  	128.088  	110.912  	
-0.0149  	-0.1802  	-0.0901  	-0.0524  	0.33033  	-0.5108  	-0.1721  	0.69553  	0.25267  	0.04209  	0.58521  	0.41535  	0.06841  	-0.2389  	0.21651  	-0.6130  	0.74229  	-0.0449  	0.70191  	-0.2725  	0.37657  	0.35929  	0.12576  	0.54020  	0.17896  	0.30532  	0.43879  	-0.9555  	0.13089  	-0.0327  	0.21082  	-0.1825  	-0.0291  	-0.3322  	-0.0244  	-0.4045  	-0.1354  	-0.1456  	-0.1994  	0.02879  	-0.0951  	0.32265  	-0.2815  	0.32389  	-0.0124  	0.00630  	-0.0555  	0.12730  	0.02503  	-0.1567  	-0.0757  	-0.0463  	-0.0290  	-9.0003  	-0.0264  	0.03995  	-0.0070  	-0.0207  	-0.0016  	0.02228  	-0.0040  	0.02928  	-0.0301  	0.01748  	0.16115  	-0.0244  	0.00460  	0.00695  	-0.0231  	1.15814  	1.11899  	128.088  	110.912  	
0.25511  	-0.0939  	0.23313  	0.01560  	0.31281  	-0.2450  	-0.1131  	0.78088  	0.32430  	0.06617  	0.31218  	0.21999  	0.21761  	-0.0110  	0.31296  	-0.6122  	0.81399  	-0.0893  	0.72256  	-0.4812  	0.34235  	0.39590  	0.15681  	0.44971  	0.34515  	0.31662  	0.46298  	-1.0372  	0.27205  	0.01300  	0.25851  	-0.2369  	-0.0413  	-0.3530  	-0.0988  	-0.3843  	-0.1858  	-0.1247  	-0.1403  	-0.0044  	-0.0290  	0.35091  	-0.2618  	0.35955  	-0.0546  	0.01286  	-0.0711  	0.17400  	0.04116  	-0.1721  	-0.0721  	-0.0417  	-0.0291  	0.00075  	-0.0173  	0.05142  	-0.0127  	-0.0209  	0.00176  	0.02082  	-0.0012  	0.04208  	-0.0130  	0.01820  	0.16115  	-0.0244  	0.00460  	0.00695  	-0.0231  	1.15814  	1.11899  	128.088  	110.912  	
0.21716  	-0.0869  	0.16040  	0.12089  	0.34774  	-0.3094  	-0.0773  	0.73274  	0.29614  	0.08605  	0.29476  	0.13219  	0.20505  	0.00605  	0.27369  	-0.6620  	0.79952  	-0.0532  	0.71824  	-0.4174  	0.25851  	0.46010  	0.16550  	0.47248  	0.45912  	0.28215  	0.50937  	-1.0353  	0.27785  	0.04779  	0.24822  	-0.2230  	-0.0628  	-0.3309  	-0.0831  	-0.3668  	-0.1757  	-0.1365  	-0.1165  	0.01202  	-0.0584  	0.31086  	-0.2408  	0.36054  	-0.0539  	0.01133  	-0.0673  	0.17498  	0.04405  	-0.1592  	-0.0709  	-0.0431  	-0.0319  	0.00342  	-0.0164  	0.05278  	-0.0132  	-0.0180  	-4.3392  	0.02548  	-0.0053  	0.04040  	-0.0139  	0.01004  	0.16115  	-0.0244  	0.00460  	0.00695  	-0.0231  	1.15814  	1.11899  	128.088  	110.912  	
-0.4083  	-0.2548  	-0.2531  	-0.2644  	0.24722  	-0.7756  	-0.1528  	0.56144  	0.27807  	0.17403  	0.83875  	0.41744  	-0.0224  	-0.3166  	-0.1918  	-0.5652  	0.64733  	0.20627  	0.67290  	0.07653  	0.26973  	0.47753  	0.26071  	0.50237  	0.22229  	0.23272  	0.26294  	-0.7869  	0.09945  	-0.0548  	0.17648  	-0.1857  	0.05612  	-0.1891  	0.00010  	-0.3232  	-0.0861  	-0.1298  	-0.0821  	0.05700  	-0.0868  	0.20904  	-0.2049  	0.24149  	0.02233  	-0.0111  	-0.0211  	0.09188  	0.03580  	-0.1462  	-0.0730  	-0.0514  	-0.0339  	-0.0030  	-0.0341  	0.03772  	-0.0026  	-0.0071  	0.01702  	0.02165  	-0.0120  	0.03726  	-0.0100  	0.00618  	0.16115  	-0.0244  	0.00460  	0.00695  	-0.0231  	1.15814  	1.11899  	128.088  	110.912  	
-0.6225  	-0.3389  	-0.3528  	-0.5240  	0.19012  	-0.8449  	-0.1087  	0.45705  	0.26725  	0.26937  	0.95082  	0.34242  	-0.1608  	-0.5082  	-0.4812  	-0.4865  	0.55745  	0.42713  	0.60499  	0.37440  	0.10302  	0.65700  	0.57288  	0.40701  	0.28089  	0.15800  	0.22078  	-0.6291  	0.07225  	-0.0878  	0.05850  	-0.1664  	0.15358  	-0.0139  	-0.0048  	-0.2453  	-0.0514  	-0.0930  	0.07162  	0.13115  	-0.1507  	0.06842  	-0.0587  	0.18024  	0.07537  	-0.0299  	-0.0010  	0.07429  	0.02639  	-0.1425  	-0.0800  	-0.0517  	-0.0362  	-0.0258  	-0.0278  	0.03487  	0.00119  	0.01078  	-0.0088  	-0.0005  	-0.0121  	0.02956  	0.02416  	0.02594  	0.16115  	-0.0244  	0.00460  	0.00695  	-0.0231  	1.15814  	1.11899  	128.088  	110.912  	
-0.5955  	-0.3364  	-0.1798  	-0.7572  	-0.0450  	-0.8101  	-0.1196  	0.46481  	0.24067  	0.28586  	0.97463  	0.18102  	-0.1714  	-0.5670  	-0.5810  	-0.4878  	0.64966  	0.39368  	0.58723  	0.29963  	0.06554  	0.71330  	0.60457  	0.40046  	0.39592  	0.17311  	0.22282  	-0.6607  	0.10067  	-0.0801  	0.06572  	-0.1634  	0.12988  	-0.0429  	-0.1222  	-0.2126  	-0.0389  	-0.1073  	0.10845  	0.09789  	-0.1106  	0.06548  	-0.0551  	0.16665  	0.08317  	-0.0211  	-0.0027  	0.07518  	0.02954  	-0.1489  	-0.0879  	-0.0525  	-0.0270  	-0.0331  	-0.0286  	0.03162  	-0.0002  	0.00892  	0.00929  	0.00760  	-0.0120  	0.03575  	0.01606  	0.02736  	0.16115  	-0.0244  	0.00460  	0.00695  	-0.0231  	1.15814  	1.11899  	128.088  	110.912  	
-0.4591  	-0.3243  	-0.1427  	-0.6391  	0.00617  	-0.5602  	-0.1233  	0.48059  	0.29551  	0.15898  	0.75022  	0.17130  	-0.1320  	-0.5706  	-0.4313  	-0.4107  	0.67238  	0.40702  	0.61721  	0.23424  	0.04303  	0.72374  	0.57792  	0.38413  	0.41481  	0.17293  	0.32224  	-0.6374  	0.11846  	-0.0435  	0.05857  	-0.1165  	0.13486  	-0.0225  	-0.1328  	-0.2321  	-0.0580  	-0.1116  	0.07602  	0.11932  	-0.0698  	0.04658  	-0.0160  	0.19151  	0.07798  	-0.0319  	-0.0097  	0.07466  	0.02599  	-0.1413  	-0.0866  	-0.0497  	-0.0320  	-0.0324  	-0.0309  	0.03579  	-0.0053  	0.00279  	0.00663  	0.00986  	-0.0122  	0.04226  	0.02499  	0.03105  	0.16115  	-0.0244  	0.00460  	0.00695  	-0.0231  	1.15814  	1.11899  	128.088  	110.912  	
-0.2455  	-0.2671  	-0.0900  	-0.3746  	0.13926  	-0.5383  	-0.1156  	0.48571  	0.31020  	0.18698  	0.66524  	0.26632  	-0.1332  	-0.5828  	-0.4084  	-0.3208  	0.62469  	0.41112  	0.60867  	0.30192  	-0.0334  	0.69007  	0.54949  	0.33998  	0.38197  	0.15796  	0.21739  	-0.5029  	0.19381  	-0.0513  	0.03973  	-0.1214  	0.12217  	-0.0222  	-0.1028  	-0.1928  	-0.1026  	-0.1204  	0.09660  	0.16202  	-0.0651  	0.02682  	-0.0099  	0.20384  	0.07220  	-0.0296  	-0.0051  	0.10454  	0.04425  	-0.1473  	-0.0678  	-0.0549  	-0.0266  	-0.0381  	-0.0258  	0.03257  	0.00539  	0.00524  	-0.0012  	0.00177  	-0.0126  	0.03210  	0.02507  	0.03347  	0.16115  	-0.0244  	0.00460  	0.00695  	-0.0231  	1.15814  	1.11899  	128.088  	110.912  	
-0.1057  	-0.2470  	-0.0041  	-0.3386  	0.17826  	-0.5178  	-0.0868  	0.47210  	0.30887  	0.26940  	0.77728  	0.34599  	-0.1280  	-0.5994  	-0.4789  	-0.2247  	0.55559  	0.46302  	0.59105  	0.39381  	-0.0647  	0.66796  	0.42749  	0.29333  	0.37930  	0.11748  	0.16199  	-0.4644  	0.21106  	-0.0239  	0.01570  	-0.1130  	0.12043  	-0.0006  	-0.0517  	-0.1341  	-0.1168  	-0.1119  	0.11123  	0.16482  	-0.0817  	0.04275  	-0.0146  	0.19313  	0.05805  	-0.0330  	-0.0134  	0.10189  	0.05251  	-0.1499  	-0.0689  	-0.0546  	-0.0204  	-0.0234  	-0.0222  	0.04044  	0.00711  	0.00496  	0.00281  	0.00312  	-0.0133  	0.03526  	0.02647  	0.02807  	0.16115  	-0.0244  	0.00460  	0.00695  	-0.0231  	1.15814  	1.11899  	128.088  	110.912  	
-0.1637  	-0.2684  	-0.0458  	-0.4248  	0.11071  	-0.5092  	-0.0926  	0.44300  	0.28049  	0.26818  	0.74917  	0.23983  	-0.1480  	-0.6138  	-0.5735  	-0.2274  	0.56558  	0.46207  	0.59962  	0.32861  	-0.0565  	0.68665  	0.49276  	0.31446  	0.40117  	0.13199  	0.19753  	-0.4977  	0.20867  	-0.0198  	0.01678  	-0.1138  	0.11154  	-0.0144  	-0.0707  	-0.1122  	-0.1071  	-0.1175  	0.09750  	0.17483  	-0.0872  	0.04690  	-0.0165  	0.20005  	0.06224  	-0.0288  	-0.0100  	0.09622  	0.04974  	-0.1420  	-0.0681  	-0.0530  	-0.0212  	-0.0279  	-0.0264  	0.03402  	0.00568  	0.00549  	0.00071  	0.00176  	-0.0143  	0.03291  	0.02352  	0.02637  	0.16115  	-0.0244  	0.00460  	0.00695  	-0.0231  	1.15814  	1.11899  	128.088  	110.912  	
-0.3967  	-0.2926  	-0.2039  	-0.4889  	0.08099  	-0.6179  	-0.0885  	0.40932  	0.27034  	0.26512  	0.68743  	0.17691  	-0.1453  	-0.5959  	-0.5354  	-0.3327  	0.57830  	0.40010  	0.58674  	0.28991  	-0.0341  	0.70265  	0.52477  	0.34578  	0.44782  	0.14076  	0.22987  	-0.5136  	0.23123  	-0.0183  	0.03103  	-0.1126  	0.10628  	-0.0282  	-0.0850  	-0.1101  	-0.1124  	-0.1267  	0.09347  	0.18086  	-0.0842  	0.05054  	-0.0153  	0.20705  	0.07183  	-0.0316  	-0.0042  	0.08027  	0.03550  	-0.1503  	-0.0725  	-0.0483  	-0.0243  	-0.0281  	-0.0278  	0.03236  	0.00397  	0.00736  	0.00945  	0.01090  	-0.0176  	0.03421  	0.01382  	0.02961  	0.16115  	-0.0244  	0.00460  	0.00695  	-0.0231  	1.15814  	1.11899  	128.088  	110.912  	
-0.4052  	-0.3045  	-0.1971  	-0.5358  	0.01067  	-0.5483  	-0.1333  	0.44738  	0.23578  	0.11712  	0.71771  	0.16707  	-0.1866  	-0.6326  	-0.3974  	-0.4331  	0.65483  	0.33657  	0.60625  	0.21538  	0.07120  	0.70861  	0.65905  	0.39561  	0.42372  	0.14233  	0.34357  	-0.6442  	0.12897  	-0.0500  	0.02437  	-0.0901  	0.09155  	-0.0239  	-0.0626  	-0.1892  	0.00271  	-0.0653  	0.03939  	0.10221  	-0.0887  	0.04427  	-0.0251  	0.20361  	0.07654  	-0.0327  	-0.0095  	0.06354  	0.02861  	-0.1440  	-0.0814  	-0.0474  	-0.0183  	-0.0203  	-0.0237  	0.03335  	0.00446  	0.00815  	0.01149  	0.00430  	-0.0140  	0.02652  	0.02516  	0.02563  	0.16115  	-0.0244  	0.00460  	0.00695  	-0.0231  	1.15814  	1.11899  	128.088  	110.912  	
-0.4192  	-0.3050  	-0.2077  	-0.5130  	0.04748  	-0.5535  	-0.1438  	0.40516  	0.26190  	0.16171  	0.66082  	0.19007  	-0.2002  	-0.6085  	-0.4757  	-0.4275  	0.63330  	0.39825  	0.60901  	0.28150  	-0.0207  	0.69714  	0.64216  	0.36056  	0.40224  	0.16613  	0.25523  	-0.5928  	0.17831  	-0.0335  	0.03180  	-0.1108  	0.08623  	-0.0161  	-0.1283  	-0.1928  	-0.0669  	-0.0835  	0.08481  	0.13027  	-0.0723  	0.03700  	-0.0305  	0.20236  	0.06781  	-0.0324  	-0.0109  	0.08610  	0.02591  	-0.1465  	-0.0908  	-0.0466  	-0.0198  	-0.0263  	-0.0319  	0.02717  	-0.0039  	0.00515  	-4.9024  	0.00140  	-0.0093  	0.02978  	0.02182  	0.02505  	0.16115  	-0.0244  	0.00460  	0.00695  	-0.0231  	1.15814  	1.11899  	128.088  	110.912  	
-0.5622  	-0.3413  	-0.2589  	-0.6000  	0.06876  	-0.7013  	-0.1112  	0.41385  	0.26212  	0.27550  	0.76423  	0.26187  	-0.1316  	-0.5667  	-0.5644  	-0.4572  	0.60681  	0.45053  	0.57114  	0.30627  	-0.0711  	0.69464  	0.57889  	0.33310  	0.37397  	0.16667  	0.18466  	-0.5210  	0.24785  	-0.0279  	0.06621  	-0.1783  	0.12679  	-0.0237  	-0.1576  	-0.1841  	-0.1481  	-0.1392  	0.12663  	0.14798  	-0.0776  	0.06871  	-0.0100  	0.19346  	0.06205  	-0.0321  	-0.0073  	0.09130  	0.03092  	-0.1379  	-0.0907  	-0.0498  	-0.0320  	-0.0298  	-0.0264  	0.03182  	-0.0011  	0.00503  	0.00098  	0.00036  	-0.0114  	0.03818  	0.02257  	0.02894  	0.16115  	-0.0244  	0.00460  	0.00695  	-0.0231  	1.15814  	1.11899  	128.088  	110.912  	
-0.7367  	-0.3720  	-0.3903  	-0.5138  	0.14105  	-0.8739  	-0.1464  	0.45723  	0.28261  	0.21329  	0.91580  	0.36775  	-0.1448  	-0.4888  	-0.4837  	-0.4928  	0.61456  	0.38477  	0.58493  	0.32387  	0.06515  	0.70418  	0.57333  	0.42924  	0.33152  	0.17183  	0.22690  	-0.5913  	0.15357  	-0.0513  	0.03127  	-0.1665  	0.12861  	-0.0223  	-0.0572  	-0.2355  	-0.0961  	-0.1332  	0.09235  	0.14737  	-0.1458  	0.07452  	-0.0544  	0.16094  	0.08207  	-0.0298  	0.00117  	0.07320  	0.03595  	-0.1402  	-0.0888  	-0.0526  	-0.0304  	-0.0220  	-0.0272  	0.03511  	-0.0079  	0.00243  	-0.0008  	0.01245  	-0.0144  	0.04222  	0.02026  	0.02267  	0.16115  	-0.0244  	0.00460  	0.00695  	-0.0231  	1.15814  	1.11899  	128.088  	110.912  	
-0.6047  	-0.2885  	-0.2491  	-0.5878  	0.05775  	-0.8188  	-0.1593  	0.50251  	0.27976  	0.19816  	0.90161  	0.28849  	-0.1418  	-0.4495  	-0.3682  	-0.4919  	0.61849  	0.33181  	0.60776  	0.28994  	0.12255  	0.70207  	0.60766  	0.40055  	0.34844  	0.18545  	0.23752  	-0.6962  	0.04494  	-0.0649  	0.08577  	-0.1760  	0.14825  	-0.0373  	-0.0513  	-0.2460  	-0.0414  	-0.1291  	0.09621  	0.08690  	-0.1307  	0.06958  	-0.0417  	0.16551  	0.07426  	-0.0311  	-0.0047  	0.08136  	0.02356  	-0.1426  	-0.0797  	-0.0492  	-0.0297  	-0.0281  	-0.0349  	0.03849  	-0.0038  	0.00752  	0.00515  	0.00941  	-0.0123  	0.05324  	0.01527  	0.02384  	0.16115  	-0.0244  	0.00460  	0.00695  	-0.0231  	1.15814  	1.11899  	128.088  	110.912  	
-0.2547  	-0.2755  	-0.0344  	-0.4337  	0.07670  	-0.4713  	-0.1471  	0.54763  	0.35130  	0.15985  	0.65911  	0.22017  	-0.0853  	-0.4470  	-0.3665  	-0.3582  	0.64831  	0.38309  	0.61540  	0.23479  	0.04212  	0.71513  	0.61031  	0.35338  	0.38423  	0.15810  	0.21339  	-0.6293  	0.12036  	-0.0533  	0.01305  	-0.1312  	0.15944  	-0.0392  	-0.0842  	-0.2303  	-0.0159  	-0.1087  	0.06739  	0.15603  	-0.0850  	0.03976  	-0.0098  	0.18748  	0.07872  	-0.0173  	-0.0040  	0.10951  	0.04070  	-0.1343  	-0.0711  	-0.0599  	-0.0265  	-0.0281  	-0.0299  	0.04154  	-0.0064  	0.00495  	0.00713  	0.01676  	-0.0163  	0.04080  	0.02147  	0.03436  	0.16115  	-0.0244  	0.00460  	0.00695  	-0.0231  	1.15814  	1.11899  	128.088  	110.912  	
-0.1142  	-0.2272  	0.00152  	-0.3204  	0.13470  	-0.4747  	-0.0860  	0.51751  	0.31416  	0.22218  	0.71135  	0.32995  	-0.0944  	-0.4965  	-0.4063  	-0.2848  	0.58783  	0.42424  	0.61585  	0.32203  	-0.0308  	0.72027  	0.53053  	0.30971  	0.35768  	0.14650  	0.13816  	-0.5187  	0.18888  	-0.0319  	0.01390  	-0.1324  	0.13659  	-0.0094  	-0.1035  	-0.2098  	-0.0757  	-0.1061  	0.10879  	0.16078  	-0.0761  	0.04446  	0.00563  	0.19554  	0.06025  	-0.0319  	-0.0022  	0.10637  	0.05212  	-0.1435  	-0.0749  	-0.0519  	-0.0233  	-0.0340  	-0.0242  	0.03189  	0.00214  	0.00484  	-0.0002  	0.00268  	-0.0203  	0.03533  	0.02213  	0.02515  	0.16115  	-0.0244  	0.00460  	0.00695  	-0.0231  	1.15814  	1.11899  	128.088  	110.912  	
-0.1634  	-0.2181  	0.00250  	-0.4815  	0.04323  	-0.5566  	-0.0785  	0.43180  	0.27437  	0.27574  	0.68850  	0.21274  	-0.1371  	-0.5367  	-0.5446  	-0.3154  	0.57540  	0.43989  	0.56953  	0.32695  	-0.0609  	0.68305  	0.50145  	0.29703  	0.40422  	0.13916  	0.16486  	-0.4944  	0.26430  	-0.0062  	0.01936  	-0.1228  	0.11830  	-0.0189  	-0.1392  	-0.1166  	-0.1384  	-0.1257  	0.12342  	0.18107  	-0.0696  	0.04710  	-0.0012  	0.18884  	0.05391  	-0.0361  	-0.0109  	0.10362  	0.05169  	-0.1560  	-0.0748  	-0.0541  	-0.0244  	-0.0313  	-0.0203  	0.02846  	0.00633  	0.00657  	-0.0004  	0.00041  	-0.0174  	0.02734  	0.03108  	0.02919  	0.16115  	-0.0244  	0.00460  	0.00695  	-0.0231  	1.15814  	1.11899  	128.088  	110.912  	
-0.5392  	-0.3440  	-0.2441  	-0.5217  	0.09144  	-0.7489  	-0.1062  	0.39821  	0.26318  	0.26023  	0.89151  	0.23423  	-0.1303  	-0.5386  	-0.5258  	-0.4306  	0.60424  	0.38122  	0.59842  	0.30476  	0.02207  	0.67840  	0.54300  	0.40258  	0.45205  	0.14378  	0.23407  	-0.5858  	0.13419  	-0.0354  	0.04829  	-0.1337  	0.11770  	-0.0141  	-0.0281  	-0.1496  	-0.0853  	-0.1191  	0.05313  	0.11794  	-0.1093  	0.07233  	-0.0486  	0.17524  	0.07870  	-0.0398  	-0.0044  	0.07164  	0.04117  	-0.1480  	-0.0781  	-0.0545  	-0.0255  	-0.0254  	-0.0256  	0.03599  	0.00349  	0.00834  	0.01212  	0.01173  	-0.0172  	0.03935  	0.03151  	0.02766  	0.16115  	-0.0244  	0.00460  	0.00695  	-0.0231  	1.15814  	1.11899  	128.088  	110.912  	
-0.6945  	-0.4084  	-0.3171  	-0.6320  	0.07759  	-0.8877  	-0.1707  	0.43949  	0.27518  	0.21037  	0.99518  	0.20351  	-0.1815  	-0.5647  	-0.4466  	-0.4878  	0.61444  	0.32003  	0.60808  	0.31164  	0.14138  	0.66637  	0.62390  	0.44063  	0.37546  	0.15148  	0.26379  	-0.6737  	0.08526  	-0.0488  	0.05019  	-0.1494  	0.13796  	-0.0324  	0.01553  	-0.2303  	0.00417  	-0.1021  	0.03177  	0.10249  	-0.1398  	0.06258  	-0.0776  	0.17663  	0.07546  	-0.0269  	-0.0014  	0.05919  	0.03976  	-0.1637  	-0.0911  	-0.0536  	-0.0298  	-0.0301  	-0.0312  	0.03356  	0.00380  	0.01064  	0.00278  	0.01081  	-0.0089  	0.03055  	0.02229  	0.02455  	0.16115  	-0.0244  	0.00460  	0.00695  	-0.0231  	1.15814  	1.11899  	128.088  	110.912  	
-0.7227  	-0.4199  	-0.3828  	-0.7022  	0.02460  	-0.8891  	-0.1727  	0.45626  	0.28044  	0.24386  	1.03713  	0.26575  	-0.1687  	-0.5715  	-0.5201  	-0.5072  	0.62237  	0.36113  	0.60175  	0.36318  	0.17353  	0.66685  	0.66470  	0.40106  	0.28930  	0.16435  	0.19198  	-0.6437  	0.05418  	-0.0790  	0.04529  	-0.1509  	0.13864  	-0.0353  	-0.0300  	-0.2677  	-0.0108  	-0.1048  	0.04030  	0.08909  	-0.1497  	0.06461  	-0.0613  	0.16781  	0.07632  	-0.0244  	0.00338  	0.07217  	0.04123  	-0.1506  	-0.0878  	-0.0553  	-0.0315  	-0.0316  	-0.0334  	0.03539  	-0.0004  	0.00952  	-0.0003  	0.00350  	-0.0080  	0.03556  	0.01623  	0.02202  	0.16115  	-0.0244  	0.00460  	0.00695  	-0.0231  	1.15814  	1.11899  	128.088  	110.912  	
-0.7173  	-0.3768  	-0.3873  	-0.6816  	0.05460  	-0.9047  	-0.1807  	0.45200  	0.27934  	0.28136  	1.01194  	0.27155  	-0.1805  	-0.6034  	-0.5815  	-0.4759  	0.64148  	0.37911  	0.60609  	0.35524  	0.16616  	0.67745  	0.62279  	0.34931  	0.26422  	0.17070  	0.17484  	-0.6035  	0.07924  	-0.0787  	0.05783  	-0.1497  	0.14480  	-0.0306  	-0.0685  	-0.2459  	-0.0440  	-0.1249  	0.07290  	0.08293  	-0.1370  	0.05478  	-0.0435  	0.15957  	0.07449  	-0.0194  	0.00012  	0.07764  	0.03859  	-0.1439  	-0.0838  	-0.0548  	-0.0334  	-0.0300  	-0.0345  	0.03287  	-0.0025  	0.01158  	0.00331  	0.00622  	-0.0104  	0.03457  	0.02153  	0.02416  	0.16115  	-0.0244  	0.00460  	0.00695  	-0.0231  	1.15814  	1.11899  	128.088  	110.912  	
-0.5876  	-0.3635  	-0.2702  	-0.6967  	0.00289  	-0.8491  	-0.1481  	0.47533  	0.28323  	0.28557  	0.97741  	0.22757  	-0.1810  	-0.6145  	-0.5888  	-0.5158  	0.65782  	0.38215  	0.59513  	0.34488  	0.12263  	0.66661  	0.62513  	0.39971  	0.34879  	0.17284  	0.18158  	-0.6492  	0.10588  	-0.0895  	0.06719  	-0.1525  	0.14273  	-0.0308  	-0.1064  	-0.2478  	-0.0474  	-0.1231  	0.09796  	0.10333  	-0.1017  	0.05314  	-0.0383  	0.17638  	0.07418  	-0.0295  	0.00057  	0.08494  	0.04152  	-0.1486  	-0.0894  	-0.0507  	-0.0331  	-0.0295  	-0.0332  	0.02688  	-0.0034  	0.00891  	-0.0029  	0.00620  	-0.0121  	0.04112  	0.01731  	0.02832  	0.16115  	-0.0244  	0.00460  	0.00695  	-0.0231  	1.15814  	1.11899  	128.088  	110.912  	
-0.5229  	-0.3243  	-0.1724  	-0.6793  	-0.0303  	-0.6522  	-0.0943  	0.51421  	0.30645  	0.26680  	0.78177  	0.23027  	-0.1207  	-0.5501  	-0.4658  	-0.4930  	0.65076  	0.38586  	0.60271  	0.33797  	0.04733  	0.74425  	0.65689  	0.33631  	0.38333  	0.18271  	0.20678  	-0.6126  	0.15367  	-0.0533  	0.08126  	-0.1758  	0.12860  	-0.0287  	-0.1727  	-0.2484  	-0.0944  	-0.1269  	0.10973  	0.13667  	-0.0677  	0.03932  	-0.0109  	0.19766  	0.07908  	-0.0323  	-0.0002  	0.10261  	0.04011  	-0.1434  	-0.0946  	-0.0497  	-0.0316  	-0.0256  	-0.0401  	0.02750  	-0.0024  	0.00210  	-0.0058  	0.00887  	-0.0097  	0.04165  	0.01867  	0.01861  	0.16115  	-0.0244  	0.00460  	0.00695  	-0.0231  	1.15814  	1.11899  	128.088  	110.912  	
-0.5246  	-0.3062  	-0.2057  	-0.5495  	0.08293  	-0.6402  	-0.1069  	0.48399  	0.27519  	0.23947  	0.79806  	0.31211  	-0.1208  	-0.5379  	-0.4545  	-0.4642  	0.63595  	0.39920  	0.60321  	0.35532  	-0.0169  	0.71393  	0.60584  	0.34784  	0.36696  	0.18280  	0.17199  	-0.5301  	0.20301  	-0.0481  	0.07929  	-0.1708  	0.14279  	-0.0213  	-0.1741  	-0.2226  	-0.1300  	-0.1453  	0.14158  	0.13054  	-0.0731  	0.04320  	-0.0012  	0.19020  	0.07333  	-0.0250  	-0.0093  	0.10502  	0.03969  	-0.1451  	-0.0824  	-0.0554  	-0.0356  	-0.0363  	-0.0368  	0.02934  	-0.0002  	0.00381  	-0.0010  	0.00554  	-0.0129  	0.04243  	0.01786  	0.02278  	0.16115  	-0.0244  	0.00460  	0.00695  	-0.0231  	1.15814  	1.11899  	128.088  	110.912  	
-0.2369  	-0.2444  	-0.1805  	-0.1374  	0.33056  	-0.5663  	-0.1394  	0.53127  	0.32157  	0.13809  	0.73542  	0.46119  	-0.1054  	-0.3901  	-0.1948  	-0.3316  	0.59255  	0.40234  	0.60911  	0.36037  	0.11949  	0.67062  	0.51846  	0.40357  	0.32401  	0.15249  	0.20605  	-0.4995  	0.13155  	-0.0191  	0.00830  	-0.1291  	0.17556  	-0.0245  	-0.0516  	-0.2727  	-0.0631  	-0.1467  	0.08662  	0.14820  	-0.1428  	0.07597  	-0.0504  	0.17377  	0.08441  	-0.0248  	-0.0003  	0.09363  	0.05296  	-0.1441  	-0.0792  	-0.0575  	-0.0364  	-0.0272  	-0.0310  	0.04226  	0.00418  	-0.0033  	0.01059  	0.00218  	-0.0206  	0.02907  	0.00697  	0.01557  	0.16115  	-0.0244  	0.00460  	0.00695  	-0.0231  	1.15814  	1.11899  	128.088  	110.912  	
-0.0484  	-0.2040  	-0.1031  	0.11889  	0.47151  	-0.4181  	-0.1378  	0.57840  	0.29963  	0.10148  	0.45588  	0.45288  	1.86264  	-0.1586  	0.09085  	-0.3642  	0.56860  	0.30824  	0.58676  	0.32203  	0.05395  	0.74761  	0.47036  	0.43634  	0.37196  	0.14126  	0.28102  	-0.5385  	0.15634  	0.05754  	0.01120  	-0.1238  	0.15715  	-0.0106  	0.02711  	-0.2827  	-0.0971  	-0.1566  	0.07677  	0.15095  	-0.1967  	0.07266  	-0.0452  	0.19849  	0.07739  	-0.0336  	-0.0067  	0.09659  	0.05213  	-0.1563  	-0.0823  	-0.0542  	-0.0300  	-0.0313  	-0.0344  	0.03359  	0.00242  	0.00224  	0.00744  	0.00371  	-0.0144  	0.03610  	0.01165  	0.02130  	0.16115  	-0.0244  	0.00460  	0.00695  	-0.0231  	1.15814  	1.11899  	128.088  	110.912  	
0.07246  	-0.1509  	-0.0504  	0.21389  	0.41184  	-0.2814  	-0.0974  	0.61536  	0.33620  	0.04551  	0.35153  	0.34549  	0.05518  	-0.0226  	0.25625  	-0.4571  	0.59230  	0.30237  	0.53551  	0.24448  	0.12980  	0.79366  	0.51259  	0.42084  	0.47786  	0.09244  	0.36429  	-0.6157  	0.21483  	0.08482  	-0.0234  	-0.1236  	0.15827  	0.00169  	0.05725  	-0.2936  	-0.0890  	-0.1518  	0.12779  	0.17990  	-0.2025  	0.09035  	-0.0558  	0.18194  	0.07637  	-0.0277  	-0.0161  	0.11187  	0.05804  	-0.1489  	-0.0737  	-0.0568  	-0.0315  	-0.0326  	-0.0331  	0.05207  	0.00247  	0.00639  	0.01054  	0.00401  	-0.0156  	0.04849  	0.01452  	0.01688  	0.16115  	-0.0244  	0.00460  	0.00695  	-0.0231  	1.15814  	1.11899  	128.088  	110.912  	
0.16266  	-0.1275  	0.00244  	0.17780  	0.38728  	-0.2109  	-0.1195  	0.65908  	0.34040  	0.01834  	0.37963  	0.29646  	0.04664  	-0.0303  	0.22420  	-0.3970  	0.61093  	0.26757  	0.57735  	0.19739  	0.20337  	0.80624  	0.57209  	0.45261  	0.47901  	0.08343  	0.40255  	-0.6859  	0.16198  	0.09139  	-0.0354  	-0.1140  	0.13038  	-0.0122  	0.08536  	-0.3228  	-0.0277  	-0.1374  	0.08368  	0.16366  	-0.2240  	0.09602  	-0.0474  	0.17888  	0.07170  	-0.0175  	-0.0198  	0.11206  	0.05816  	-0.1430  	-0.0746  	-0.0533  	-0.0281  	-0.0352  	-0.0309  	0.05382  	-0.0010  	0.00258  	0.00719  	0.01040  	-0.0188  	0.03723  	0.00594  	0.01427  	0.16115  	-0.0244  	0.00460  	0.00695  	-0.0231  	1.15814  	1.11899  	128.088  	110.912  	
0.22505  	-0.1043  	0.08232  	0.12740  	0.34422  	-0.1886  	-0.1068  	0.70109  	0.36832  	0.00097  	0.47553  	0.29951  	0.02738  	-0.0891  	0.16194  	-0.3547  	0.63109  	0.26021  	0.60155  	0.18193  	0.25580  	0.80125  	0.61819  	0.44020  	0.42857  	0.10049  	0.38628  	-0.7640  	0.07385  	0.04984  	-0.0219  	-0.1078  	0.14247  	-0.0244  	0.07657  	-0.3387  	0.03715  	-0.1081  	0.06024  	0.13521  	-0.2156  	0.08914  	-0.0436  	0.18570  	0.06535  	-0.0150  	-0.0197  	0.12161  	0.06104  	-0.1418  	-0.0774  	-0.0512  	-0.0280  	-0.0331  	-0.0292  	0.06019  	-0.0028  	0.00223  	0.00687  	0.00999  	-0.0196  	0.03224  	0.00733  	0.01117  	0.16115  	-0.0244  	0.00460  	0.00695  	-0.0231  	1.15814  	1.11899  	128.088  	110.912  	
0.22022  	-0.0805  	0.16048  	-0.0222  	0.23720  	-0.2142  	-0.1034  	0.73860  	0.41269  	0.03467  	0.63472  	0.31685  	-0.0271  	-0.1464  	0.02667  	-0.2492  	0.62935  	0.24696  	0.61491  	0.16304  	0.37570  	0.76283  	0.67999  	0.47502  	0.35745  	0.10881  	0.39407  	-0.9040  	-0.0786  	-0.0298  	0.00468  	-0.0918  	0.15435  	-0.0278  	0.06513  	-0.3787  	0.12799  	-0.0568  	0.01292  	0.08436  	-0.1915  	0.06424  	-0.0310  	0.19187  	0.06000  	-0.0229  	-0.0147  	0.11991  	0.06122  	-0.1424  	-0.0923  	-0.0484  	-0.0319  	-0.0233  	-0.0322  	0.05527  	-0.0076  	0.00464  	0.00372  	0.00128  	-0.0098  	0.03587  	0.01537  	0.01482  	0.16115  	-0.0244  	0.00460  	0.00695  	-0.0231  	1.15814  	1.11899  	128.088  	110.912  	
0.20813  	-0.0768  	0.16710  	-0.0597  	0.22524  	-0.2240  	-0.1106  	0.71761  	0.38391  	0.06234  	0.62572  	0.27066  	-0.0356  	-0.1205  	-0.0045  	-0.2862  	0.62812  	0.24037  	0.61654  	0.14440  	0.36297  	0.77156  	0.67395  	0.48408  	0.39507  	0.10055  	0.43131  	-0.9162  	-0.0651  	-0.0268  	0.00376  	-0.0836  	0.14974  	-0.0330  	0.08442  	-0.3700  	0.12127  	-0.0611  	0.01055  	0.09061  	-0.1902  	0.06244  	-0.0238  	0.20293  	0.05493  	-0.0253  	-0.0132  	0.11712  	0.05939  	-0.1415  	-0.0931  	-0.0503  	-0.0300  	-0.0204  	-0.0311  	0.05406  	-0.0064  	0.00527  	-0.0009  	0.00555  	-0.0113  	0.04263  	0.01755  	0.01447  	0.16115  	-0.0244  	0.00460  	0.00695  	-0.0231  	1.15814  	1.11899  	128.088  	110.912  	
0.17785  	-0.0682  	0.14941  	-0.0871  	0.19155  	-0.2506  	-0.1222  	0.74268  	0.39763  	0.03819  	0.68401  	0.30521  	-0.0461  	-0.1218  	-0.0079  	-0.2654  	0.62240  	0.23589  	0.62483  	0.14804  	0.39675  	0.76482  	0.69129  	0.49527  	0.35601  	0.11309  	0.40874  	-0.9349  	-0.0952  	-0.0291  	-0.0036  	-0.0840  	0.15973  	-0.0351  	0.09448  	-0.3862  	0.15847  	-0.0364  	0.00344  	0.06533  	-0.1861  	0.05996  	-0.0237  	0.19576  	0.06193  	-0.0250  	-0.0122  	0.11450  	0.05423  	-0.1395  	-0.0967  	-0.0493  	-0.0265  	-0.0206  	-0.0318  	0.05137  	-0.0120  	0.00362  	-0.0032  	0.00735  	-0.0101  	0.04166  	0.01285  	0.01743  	0.16115  	-0.0244  	0.00460  	0.00695  	-0.0231  	1.15814  	1.11899  	128.088  	110.912  	
0.12371  	-0.0941  	0.03438  	0.10218  	0.37983  	-0.2719  	-0.0797  	0.68381  	0.34643  	0.09633  	0.48184  	0.34774  	0.02223  	-0.0465  	0.07010  	-0.3383  	0.59931  	0.28406  	0.60183  	0.21930  	0.19818  	0.78163  	0.53655  	0.42346  	0.48103  	0.09669  	0.43404  	-0.7291  	0.10542  	0.05788  	-0.0405  	-0.1249  	0.13673  	-0.0268  	0.05608  	-0.3054  	-0.0015  	-0.1153  	0.06729  	0.14059  	-0.1915  	0.08653  	-0.0347  	0.19080  	0.07127  	-0.0195  	-0.0158  	0.12238  	0.06532  	-0.1487  	-0.0830  	-0.0529  	-0.0303  	-0.0270  	-0.0284  	0.04960  	-0.0063  	0.00317  	0.00413  	0.00476  	-0.0132  	0.03544  	0.00503  	0.01052  	0.16115  	-0.0244  	0.00460  	0.00695  	-0.0231  	1.15814  	1.11899  	128.088  	110.912  	
0.10303  	-0.1043  	-0.0808  	0.25932  	0.51764  	-0.3344  	-0.0730  	0.65278  	0.31575  	0.12627  	0.38511  	0.34892  	0.08733  	0.09010  	0.15077  	-0.4498  	0.57431  	0.28141  	0.57334  	0.24044  	0.07209  	0.80195  	0.43081  	0.40200  	0.54036  	0.06499  	0.40375  	-0.6325  	0.23223  	0.10629  	-0.0658  	-0.1444  	0.13976  	-0.0203  	0.04833  	-0.2493  	-0.0865  	-0.1667  	0.12594  	0.19601  	-0.2325  	0.10911  	-0.0540  	0.18720  	0.08205  	-0.0149  	-0.0176  	0.12952  	0.05891  	-0.1611  	-0.0774  	-0.0508  	-0.0324  	-0.0389  	-0.0343  	0.04898  	0.00558  	0.00130  	0.01213  	0.00730  	-0.0172  	0.03477  	0.00690  	0.01025  	0.16115  	-0.0244  	0.00460  	0.00695  	-0.0231  	1.15814  	1.11899  	128.088  	110.912  	
0.06868  	-0.1060  	-0.2136  	0.43332  	0.68046  	-0.3909  	-0.0873  	0.63145  	0.34176  	0.06450  	0.36792  	0.39760  	0.09075  	0.19217  	0.25838  	-0.4585  	0.55265  	0.26784  	0.54258  	0.28701  	0.03840  	0.79965  	0.32630  	0.46810  	0.60714  	0.06834  	0.38717  	-0.5431  	0.30006  	0.15109  	-0.0944  	-0.1466  	0.10921  	0.00032  	0.12040  	-0.2510  	-0.1518  	-0.1769  	0.13723  	0.24719  	-0.2856  	0.10975  	-0.0955  	0.16299  	0.07748  	-0.0261  	-0.0143  	0.10638  	0.05208  	-0.1625  	-0.0690  	-0.0587  	-0.0319  	-0.0328  	-0.0388  	0.04916  	0.01289  	0.00766  	0.00998  	0.00138  	-0.0161  	0.03234  	0.00412  	0.01083  	0.16115  	-0.0244  	0.00460  	0.00695  	-0.0231  	1.15814  	1.11899  	128.088  	110.912  	
0.02279  	-0.1197  	-0.2745  	0.51598  	0.70595  	-0.3652  	-0.0563  	0.63156  	0.32249  	0.03044  	0.31065  	0.37488  	0.09385  	0.14382  	0.29016  	-0.4663  	0.56160  	0.29869  	0.51697  	0.35014  	-0.0463  	0.78336  	0.31134  	0.43009  	0.62868  	0.08905  	0.34807  	-0.4480  	0.36880  	0.17123  	-0.1012  	-0.1526  	0.11748  	0.02431  	0.10809  	-0.2379  	-0.2023  	-0.1817  	0.17450  	0.21547  	-0.3135  	0.10824  	-0.0900  	0.16147  	0.09092  	-0.0247  	-0.0150  	0.10840  	0.05216  	-0.1557  	-0.0654  	-0.0568  	-0.0256  	-0.0319  	-0.0339  	0.05074  	0.00568  	0.00674  	0.01255  	-0.0010  	-0.0178  	0.03388  	0.00742  	0.01362  	0.16115  	-0.0244  	0.00460  	0.00695  	-0.0231  	1.15814  	1.11899  	128.088  	110.912  	
0.06853  	-0.1081  	-0.2539  	0.63540  	0.71007  	-0.3303  	-0.0797  	0.61787  	0.35936  	-0.0524  	0.17793  	0.35989  	0.11673  	0.17000  	0.40547  	-0.5051  	0.56938  	0.31121  	0.51876  	0.38429  	-0.1036  	0.78908  	0.31148  	0.41820  	0.61508  	0.10343  	0.25750  	-0.3604  	0.47104  	0.18755  	-0.1196  	-0.1576  	0.13878  	0.03735  	0.08151  	-0.2499  	-0.2597  	-0.1915  	0.18000  	0.25543  	-0.2875  	0.10178  	-0.0914  	0.19190  	0.08674  	-0.0249  	-0.0137  	0.09980  	0.05698  	-0.1506  	-0.0533  	-0.0598  	-0.0247  	-0.0280  	-0.0362  	0.05049  	0.00152  	0.00721  	0.00969  	0.01004  	-0.0185  	0.04109  	-0.0057  	0.01626  	0.16115  	-0.0244  	0.00460  	0.00695  	-0.0231  	1.15814  	1.11899  	128.088  	110.912  	
0.04246  	-0.1326  	-0.2268  	0.55376  	0.66734  	-0.3396  	-0.1001  	0.58851  	0.33055  	0.00700  	0.20839  	0.40595  	0.10672  	0.09853  	0.32124  	-0.4534  	0.55915  	0.34316  	0.52289  	0.35855  	-0.0701  	0.81519  	0.35382  	0.41206  	0.57521  	0.10717  	0.24542  	-0.3878  	0.42605  	0.16444  	-0.0792  	-0.1598  	0.13350  	0.02625  	0.03364  	-0.2540  	-0.2432  	-0.1970  	0.17807  	0.22032  	-0.2388  	0.08530  	-0.0645  	0.17924  	0.08023  	-0.0230  	-0.0132  	0.10861  	0.05911  	-0.1545  	-0.0642  	-0.0573  	-0.0226  	-0.0320  	-0.0363  	0.04834  	0.00250  	0.00864  	0.00803  	0.00713  	-0.0142  	0.03239  	0.00121  	0.01450  	0.16115  	-0.0244  	0.00460  	0.00695  	-0.0231  	1.15814  	1.11899  	128.088  	110.912  	
-0.0156  	-0.1440  	-0.2056  	0.31014  	0.58700  	-0.4109  	-0.1073  	0.56097  	0.31695  	0.07290  	0.31381  	0.46219  	0.10520  	-0.0335  	0.11469  	-0.3766  	0.55532  	0.36857  	0.55116  	0.34770  	-0.0225  	0.82291  	0.39500  	0.38692  	0.50881  	0.12074  	0.28340  	-0.4442  	0.32982  	0.12106  	-0.0565  	-0.1710  	0.14084  	0.04207  	0.02102  	-0.2553  	-0.2013  	-0.1809  	0.15544  	0.18261  	-0.2295  	0.08471  	-0.0499  	0.16649  	0.07159  	-0.0257  	-0.0100  	0.12764  	0.05792  	-0.1647  	-0.0816  	-0.0550  	-0.0216  	-0.0306  	-0.0375  	0.04583  	0.00425  	0.00283  	0.01194  	-0.0031  	-0.0137  	0.02348  	0.00686  	0.01030  	0.16115  	-0.0244  	0.00460  	0.00695  	-0.0231  	1.15814  	1.11899  	128.088  	110.912  	
-0.1633  	-0.2138  	-0.1729  	-0.0230  	0.45420  	-0.5250  	-0.1230  	0.58706  	0.27943  	0.13404  	0.51243  	0.44201  	-0.0010  	-0.3644  	-0.0175  	-0.4366  	0.67152  	0.25971  	0.64113  	0.05763  	0.10471  	0.51731  	0.21912  	0.44666  	0.31044  	0.25047  	0.23094  	-0.5916  	0.29172  	0.00163  	0.09813  	-0.1664  	0.04429  	-0.1603  	-0.0981  	-0.2869  	-0.2222  	-0.1361  	-0.0313  	0.08743  	-0.1112  	0.18593  	-0.1538  	0.27107  	0.01062  	-0.0066  	-0.0264  	0.12964  	0.04372  	-0.1761  	-0.0754  	-0.0546  	-0.0305  	-0.0162  	-0.0266  	0.03278  	-0.0026  	-0.0036  	0.01402  	0.01182  	-0.0154  	0.01813  	-0.0106  	0.00987  	0.16115  	-0.0244  	0.00460  	0.00695  	-0.0231  	1.15814  	1.11899  	128.088  	110.912  	
-0.1499  	-0.2313  	-0.0675  	-0.1561  	0.32862  	-0.5109  	-0.1524  	0.60292  	0.21325  	0.07699  	0.56907  	0.36196  	-0.0087  	-0.5354  	-0.1580  	-0.4188  	0.75829  	0.10574  	0.72457  	-0.2133  	0.16156  	0.34106  	0.07196  	0.41735  	0.29667  	0.30979  	0.28873  	-0.7762  	0.32850  	-0.0189  	0.18911  	-0.1980  	-0.0544  	-0.3238  	-0.1974  	-0.2797  	-0.2543  	-0.1247  	-0.1542  	-0.0064  	-0.0190  	0.31074  	-0.2356  	0.33669  	-0.0393  	0.00816  	-0.0512  	0.12606  	0.02192  	-0.1784  	-0.0648  	-0.0465  	-0.0228  	-0.0080  	-0.0165  	0.03855  	0.01428  	-0.0138  	0.01129  	0.02582  	-0.0143  	0.02207  	-0.0132  	0.02376  	0.16115  	-0.0244  	0.00460  	0.00695  	-0.0231  	1.15814  	1.11899  	128.088  	110.912  	
-0.0883  	-0.2413  	-0.0198  	-0.0022  	0.33685  	-0.5701  	-0.1822  	0.52552  	0.24991  	0.17608  	0.61561  	0.41031  	-0.0533  	-0.6697  	-0.3231  	-0.3651  	0.77262  	0.06203  	0.75018  	-0.2500  	0.07840  	0.26642  	-0.0269  	0.42356  	0.34072  	0.30733  	0.29102  	-0.7283  	0.35428  	-0.0090  	0.21829  	-0.2081  	-0.1325  	-0.3689  	-0.1807  	-0.1929  	-0.2876  	-0.1393  	-0.1424  	-0.0172  	0.02916  	0.32794  	-0.2672  	0.35611  	-0.0577  	0.01598  	-0.0660  	0.15448  	0.02767  	-0.1696  	-0.0488  	-0.0400  	-0.0276  	0.00151  	-0.0123  	0.04259  	0.01458  	-0.0104  	0.01504  	0.02426  	-0.0136  	0.01701  	-0.0036  	0.01627  	0.16115  	-0.0244  	0.00460  	0.00695  	-0.0231  	1.15814  	1.11899  	128.088  	110.912  	
-0.1012  	-0.2492  	-0.0258  	-0.0807  	0.33390  	-0.5399  	-0.1549  	0.52388  	0.25404  	0.23025  	0.63349  	0.37849  	-0.0461  	-0.6670  	-0.3892  	-0.3204  	0.74392  	0.12303  	0.76500  	-0.1946  	0.03249  	0.31466  	-0.0091  	0.39055  	0.43646  	0.28559  	0.32363  	-0.6768  	0.38172  	0.01395  	0.18525  	-0.1839  	-0.1067  	-0.3311  	-0.1913  	-0.1388  	-0.2767  	-0.1211  	-0.0966  	0.00256  	-0.0074  	0.31656  	-0.2219  	0.34801  	-0.0441  	0.00866  	-0.0657  	0.15459  	0.03258  	-0.1779  	-0.0505  	-0.0444  	-0.0214  	0.00799  	-0.0134  	0.04126  	0.00696  	-0.0127  	0.01668  	0.02516  	-0.0146  	0.01675  	-0.0026  	0.02241  	0.16115  	-0.0244  	0.00460  	0.00695  	-0.0231  	1.15814  	1.11899  	128.088  	110.912  	
-0.2077  	-0.2648  	-0.1293  	-0.2462  	0.24521  	-0.4975  	-0.1393  	0.45779  	0.25774  	0.17590  	0.58433  	0.25689  	-0.1102  	-0.6518  	-0.3872  	-0.3678  	0.69533  	0.24943  	0.69417  	-0.0167  	0.00896  	0.47133  	0.25777  	0.37109  	0.48758  	0.21644  	0.29932  	-0.5762  	0.33757  	0.02244  	0.10069  	-0.1467  	-0.0502  	-0.2007  	-0.1729  	-0.1221  	-0.2021  	-0.1247  	-0.0068  	0.08381  	-0.0433  	0.18741  	-0.1320  	0.29114  	-0.0040  	-0.0018  	-0.0463  	0.11990  	0.02724  	-0.1608  	-0.0615  	-0.0466  	-0.0238  	-0.0055  	-0.0163  	0.04128  	0.00843  	0.00122  	0.01707  	0.01671  	-0.0206  	0.01556  	0.00879  	0.02169  	0.16115  	-0.0244  	0.00460  	0.00695  	-0.0231  	1.15814  	1.11899  	128.088  	110.912  	
-0.2893  	-0.2884  	-0.2136  	-0.2933  	0.18490  	-0.5016  	-0.1212  	0.41780  	0.26559  	0.14940  	0.59201  	0.26485  	-0.1763  	-0.5592  	-0.4280  	-0.3611  	0.62086  	0.39815  	0.61353  	0.24858  	-0.0380  	0.69295  	0.54931  	0.39484  	0.51348  	0.12035  	0.28642  	-0.5209  	0.23157  	0.00743  	-0.0170  	-0.0986  	0.05505  	-0.0376  	-0.0995  	-0.1202  	-0.0913  	-0.1129  	0.10855  	0.16496  	-0.1077  	0.04748  	-0.0167  	0.21115  	0.06036  	-0.0266  	-0.0126  	0.09355  	0.03438  	-0.1542  	-0.0713  	-0.0481  	-0.0248  	-0.0270  	-0.0205  	0.03667  	0.01126  	0.00934  	0.01376  	0.00076  	-0.0246  	0.02508  	0.01918  	0.02680  	0.16115  	-0.0244  	0.00460  	0.00695  	-0.0231  	1.15814  	1.11899  	128.088  	110.912  	
-0.3574  	-0.3022  	-0.2231  	-0.3933  	0.11710  	-0.5432  	-0.1226  	0.41280  	0.24553  	0.14364  	0.63759  	0.21455  	-0.1447  	-0.5913  	-0.4278  	-0.4584  	0.61224  	0.41520  	0.58302  	0.28555  	0.01436  	0.70446  	0.61014  	0.36997  	0.46328  	0.14344  	0.25448  	-0.5165  	0.28238  	-0.0222  	0.01153  	-0.1096  	0.06699  	-0.0170  	-0.1395  	-0.1600  	-0.1028  	-0.1059  	0.09516  	0.14181  	-0.0819  	0.04347  	-0.0181  	0.19394  	0.07515  	-0.0260  	-0.0109  	0.07635  	0.02939  	-0.1595  	-0.0823  	-0.0515  	-0.0222  	-0.0324  	-0.0284  	0.03068  	0.01045  	0.01084  	0.00960  	-0.0011  	-0.0170  	0.02415  	0.01412  	0.02846  	0.16115  	-0.0244  	0.00460  	0.00695  	-0.0231  	1.15814  	1.11899  	128.088  	110.912  	
-0.4255  	-0.2884  	-0.1924  	-0.4181  	0.12792  	-0.5761  	-0.1437  	0.45532  	0.27292  	0.13935  	0.69081  	0.25754  	-0.1543  	-0.6035  	-0.3953  	-0.4147  	0.63913  	0.41813  	0.58477  	0.27566  	0.02753  	0.69850  	0.63551  	0.32026  	0.36442  	0.16543  	0.22254  	-0.5419  	0.22404  	-0.0255  	0.03490  	-0.1312  	0.10644  	-0.0173  	-0.1415  	-0.2144  	-0.0821  	-0.0977  	0.09761  	0.13304  	-0.0779  	0.04686  	-0.0114  	0.20475  	0.07298  	-0.0304  	-0.0049  	0.07645  	0.03381  	-0.1462  	-0.0835  	-0.0465  	-0.0221  	-0.0315  	-0.0249  	0.03018  	-0.0002  	0.00456  	0.00688  	-0.0030  	-0.0114  	0.03673  	0.01546  	0.02875  	0.16115  	-0.0244  	0.00460  	0.00695  	-0.0231  	1.15814  	1.11899  	128.088  	110.912  	
-0.3077  	-0.2510  	-0.1488  	-0.2847  	0.17640  	-0.5325  	-0.1472  	0.53607  	0.30887  	0.12684  	0.67950  	0.34497  	-0.1143  	-0.4663  	-0.2273  	-0.4201  	0.63817  	0.36472  	0.58056  	0.24884  	0.10006  	0.73743  	0.65892  	0.35886  	0.28152  	0.18161  	0.20672  	-0.6075  	0.15379  	-0.0446  	0.04503  	-0.1411  	0.15355  	-0.0215  	-0.0850  	-0.2912  	-0.0649  	-0.1090  	0.08246  	0.12293  	-0.0899  	0.05982  	-0.0231  	0.20212  	0.06633  	-0.0269  	-0.0073  	0.08261  	0.02963  	-0.1421  	-0.0945  	-0.0499  	-0.0280  	-0.0316  	-0.0295  	0.03095  	0.00172  	0.00391  	0.00107  	-0.0041  	-0.0137  	0.04640  	0.01567  	0.02936  	0.16115  	-0.0244  	0.00460  	0.00695  	-0.0231  	1.15814  	1.11899  	128.088  	110.912  	
-0.0536  	-0.1232  	0.01114  	-0.1939  	0.18474  	-0.4237  	-0.1262  	0.63021  	0.34542  	0.13567  	0.66841  	0.35623  	-0.0663  	-0.2782  	-0.0953  	-0.3635  	0.63133  	0.31309  	0.58617  	0.22435  	0.25095  	0.73211  	0.64764  	0.39108  	0.27936  	0.14582  	0.25835  	-0.7391  	0.03474  	-0.0554  	0.04633  	-0.1254  	0.15682  	-0.0166  	-0.0064  	-0.3488  	0.04044  	-0.0785  	0.04479  	0.10921  	-0.1169  	0.03743  	-0.0152  	0.19239  	0.06013  	-0.0183  	0.00175  	0.10298  	0.03622  	-0.1493  	-0.0941  	-0.0512  	-0.0278  	-0.0305  	-0.0311  	0.03536  	-0.0093  	0.00557  	0.00338  	-0.0050  	-0.0119  	0.04835  	0.01968  	0.02085  	0.16115  	-0.0244  	0.00460  	0.00695  	-0.0231  	1.15814  	1.11899  	128.088  	110.912  	
0.10398  	-0.0802  	0.11800  	-0.2245  	0.11300  	-0.3370  	-0.1404  	0.70922  	0.40092  	0.09805  	0.78982  	0.33330  	-0.0904  	-0.2044  	-0.0974  	-0.3003  	0.63411  	0.26776  	0.60669  	0.15647  	0.40755  	0.75266  	0.68743  	0.44186  	0.28639  	0.12738  	0.36075  	-0.9105  	-0.1015  	-0.0537  	0.02821  	-0.0911  	0.17356  	-0.0361  	0.07366  	-0.3853  	0.16236  	-0.0362  	-0.0111  	0.06155  	-0.1307  	0.03834  	-0.0105  	0.19361  	0.05645  	-0.0277  	-0.0026  	0.09193  	0.04543  	-0.1390  	-0.1012  	-0.0532  	-0.0249  	-0.0202  	-0.0333  	0.04753  	-0.0118  	0.00888  	-0.0016  	0.00748  	-0.0098  	0.05130  	0.01560  	0.02121  	0.16115  	-0.0244  	0.00460  	0.00695  	-0.0231  	1.15814  	1.11899  	128.088  	110.912  	
0.15619  	-0.0657  	0.15085  	-0.1915  	0.09861  	-0.3012  	-0.1333  	0.73988  	0.41580  	0.04400  	0.82835  	0.34968  	-0.0972  	-0.1874  	-0.0792  	-0.2603  	0.63012  	0.23783  	0.61766  	0.11646  	0.46573  	0.7487  	0.72615  	0.48525  	0.27566  	0.11289  	0.41155  	-0.9732  	-0.1794  	-0.0589  	0.01466  	-0.0670  	0.17071  	-0.0410  	0.11629  	-0.4086  	0.22527  	-0.0144  	-0.0307  	0.03688  	-0.1635  	0.04710  	-0.0138  	0.18996  	0.05830  	-0.0234  	-0.0079  	0.10030  	0.04894  	-0.1384  	-0.1043  	-0.0506  	-0.0234  	-0.0177  	-0.0333  	0.05033  	-0.0128  	0.00587  	-0.0021  	0.00781  	-0.0067  	0.04322  	0.01319  	0.02107  	0.16115  	-0.0244  	0.00460  	0.00695  	-0.0231  	1.15814  	1.11899  	128.088  	110.912  	
0.16710  	-0.0627  	0.15023  	-0.1897  	0.10226  	-0.2871  	-0.1294  	0.74383  	0.42241  	0.02868  	0.83829  	0.35273  	-0.0852  	-0.1693  	-0.0772  	-0.2444  	0.63375  	0.23016  	0.61407  	0.10362  	0.47317  	0.75411  	0.72813  	0.51097  	0.27898  	0.11439  	0.43469  	-0.9851  	-0.2037  	-0.0563  	0.01801  	-0.0684  	0.16897  	-0.0398  	0.13690  	-0.4103  	0.23584  	-0.0132  	-0.0333  	0.04130  	-0.1805  	0.05271  	-0.0232  	0.18577  	0.05945  	-0.0252  	-0.0090  	0.10025  	0.04760  	-0.1369  	-0.0996  	-0.0483  	-0.0225  	-0.0176  	-0.0340  	0.05186  	-0.0140  	0.00681  	-0.0019  	0.01017  	-0.0080  	0.04488  	0.01682  	0.02141  	0.16115  	-0.0244  	0.00460  	0.00695  	-0.0231  	1.15814  	1.11899  	128.088  	110.912  	
0.18053  	-0.0714  	0.16408  	-0.1684  	0.12809  	-0.2584  	-0.1263  	0.75132  	0.42276  	0.04530  	0.81573  	0.34540  	-0.0726  	-0.1690  	-0.0791  	-0.2363  	0.64202  	0.22438  	0.61174  	0.12180  	0.46949  	0.75215  	0.73496  	0.52808  	0.28490  	0.11469  	0.45480  	-0.9842  	-0.2030  	-0.0538  	0.00823  	-0.0678  	0.16335  	-0.0384  	0.13669  	-0.4055  	0.22894  	-0.0134  	-0.0212  	0.04261  	-0.2002  	0.05648  	-0.0248  	0.19060  	0.06231  	-0.0232  	-0.0113  	0.10207  	0.04933  	-0.1393  	-0.0950  	-0.0482  	-0.0226  	-0.0205  	-0.0321  	0.05101  	-0.0135  	0.00794  	-0.0031  	0.00820  	-0.0080  	0.04471  	0.01886  	0.02307  	0.16115  	-0.0244  	0.00460  	0.00695  	-0.0231  	1.15814  	1.11899  	128.088  	110.912  	
0.18137  	-0.0735  	0.17219  	-0.1674  	0.12892  	-0.2522  	-0.1246  	0.75517  	0.42438  	0.05035  	0.81667  	0.34170  	-0.0732  	-0.1727  	-0.0806  	-0.2386  	0.64355  	0.22353  	0.61174  	0.12403  	0.47061  	0.74783  	0.73363  	0.52636  	0.28373  	0.11395  	0.45694  	-0.9831  	-0.2019  	-0.0550  	0.00492  	-0.0654  	0.16030  	-0.0381  	0.13629  	-0.4025  	0.22845  	-0.0127  	-0.0202  	0.04372  	-0.2039  	0.05552  	-0.0253  	0.19224  	0.06428  	-0.0230  	-0.0115  	0.10278  	0.04997  	-0.1387  	-0.0931  	-0.0487  	-0.0217  	-0.0209  	-0.0315  	0.05124  	-0.0130  	0.00798  	-0.0023  	0.00907  	-0.0076  	0.04403  	0.01969  	0.02387  	0.16115  	-0.0244  	0.00460  	0.00695  	-0.0231  	1.15814  	1.11899  	128.088  	110.912  	
0.17499  	-0.0728  	0.17690  	-0.1763  	0.11117  	-0.2509  	-0.1228  	0.76578  	0.42641  	0.04940  	0.82356  	0.34497  	-0.0766  	-0.1719  	-0.0878  	-0.2314  	0.64488  	0.22666  	0.61785  	0.11553  	0.48157  	0.74281  	0.73367  	0.52002  	0.28707  	0.11213  	0.45886  	-0.9887  	-0.2059  	-0.0593  	0.00254  	-0.0613  	0.15837  	-0.0376  	0.12975  	-0.4010  	0.23463  	-0.0077  	-0.0204  	0.04247  	-0.2009  	0.05421  	-0.0241  	0.19331  	0.06390  	-0.0230  	-0.0114  	0.10492  	0.05046  	-0.1377  	-0.0935  	-0.0488  	-0.0207  	-0.0182  	-0.0320  	0.05206  	-0.0144  	0.00700  	-0.0013  	0.01054  	-0.0062  	0.04371  	0.02001  	0.02330  	0.16115  	-0.0244  	0.00460  	0.00695  	-0.0231  	1.15814  	1.11899  	128.088  	110.912  	
0.17056  	-0.0727  	0.17460  	-0.1822  	0.10857  	-0.2594  	-0.1231  	0.76521  	0.42792  	0.04790  	0.82954  	0.35234  	-0.0823  	-0.1702  	-0.0919  	-0.2302  	0.64522  	0.22815  	0.61554  	0.11714  	0.47445  	0.73855  	0.72894  	0.51410  	0.28449  	0.11257  	0.44991  	-0.9845  	-0.2058  	-0.0576  	0.00579  	-0.0597  	0.16092  	-0.0373  	0.12752  	-0.4027  	0.23292  	-0.0051  	-0.0215  	0.04075  	-0.1919  	0.05270  	-0.0216  	0.19270  	0.06212  	-0.0234  	-0.0108  	0.10487  	0.05110  	-0.1379  	-0.0950  	-0.0484  	-0.0207  	-0.0164  	-0.0328  	0.05166  	-0.0147  	0.00628  	-0.0005  	0.01121  	-0.0061  	0.04346  	0.01935  	0.02275  	0.16115  	-0.0244  	0.00460  	0.00695  	-0.0231  	1.15814  	1.11899  	128.088  	110.912  	
