-0.1339  	-0.0684  	-0.4916  	0.54671  	0.36820  	0.36321  	0.19130  	0.25437  	0.36300  	0.43773  	0.79394  	0.71235  	-0.5295  	-0.8996  	-0.5500  	-0.0886  	0.61530  	0.44087  	0.79557  	0.47642  	0.38834  	0.65280  	0.35335  	0.16480  	0.48110  	0.15172  	0.17827  	-0.3287  	-0.1742  	-0.2615  	-0.2634  	-0.0936  	0.12886  	-0.0638  	0.06710  	-0.1040  	0.06380  	-0.0020  	0.13729  	-0.0802  	-0.2648  	-0.0728  	0.05813  	0.00421  	0.02711  	0.02483  	-0.0065  	0.02030  	0.03332  	-0.0889  	-0.0404  	-0.0288  	-0.0201  	-0.0412  	0.01303  	0.04859  	0.03344  	0.02362  	-0.0114  	-0.0235  	-0.0318  	0.00098  	0.08693  	0.00205  	0.01637  	0.04970  	-0.0773  	0.00896  	0.05003  	0.83653  	1.11780  	125.760  	104.299  	
-0.2342  	-0.0272  	-0.5942  	0.73115  	0.43749  	0.43617  	0.16647  	0.25740  	0.35992  	0.36543  	0.66406  	0.73373  	-0.5624  	-0.8208  	-0.4481  	-0.1880  	0.68138  	0.38506  	0.82757  	0.45677  	0.39823  	0.71085  	0.34232  	0.22073  	0.56163  	0.15896  	0.27764  	-0.3219  	-0.1277  	-0.1804  	-0.2997  	-0.0907  	0.10595  	-0.0814  	0.07300  	-0.0728  	0.06238  	-0.0158  	0.15356  	-0.1083  	-0.3110  	-0.0728  	0.05049  	0.00281  	0.03208  	0.03218  	-0.0172  	0.01782  	0.02157  	-0.0949  	-0.0325  	-0.0289  	-0.0233  	-0.0495  	0.01120  	0.05284  	0.02926  	0.03805  	-0.0131  	-0.0240  	-0.0289  	-0.0078  	0.08937  	0.00199  	0.01994  	0.05438  	-0.0761  	0.00813  	0.05078  	0.82060  	1.11780  	125.760  	104.299  	
-0.1927  	-0.0401  	-0.6761  	0.98948  	0.58961  	0.38652  	0.20349  	0.34087  	0.36220  	0.29684  	0.50711  	0.79007  	-0.4375  	-0.5892  	-0.1764  	-0.2651  	0.66792  	0.37133  	0.78611  	0.47417  	0.36559  	0.70952  	0.31031  	0.21579  	0.59297  	0.17481  	0.20037  	-0.2623  	-0.0380  	-0.1478  	-0.3026  	-0.1281  	0.13600  	-0.0529  	0.07077  	-0.1489  	-0.0454  	-0.0531  	0.18348  	-0.0852  	-0.3244  	-0.0501  	0.04804  	-0.0130  	0.02680  	0.02865  	-0.0024  	0.01345  	0.02798  	-0.1005  	-0.0503  	-0.0251  	-0.0233  	-0.0423  	0.00586  	0.04187  	0.03371  	0.02543  	-0.0048  	-0.0255  	-0.0342  	0.00370  	0.08191  	0.00403  	0.02299  	0.05810  	-0.0750  	0.00733  	0.05134  	0.80730  	1.11780  	125.760  	104.299  	
-0.1629  	-0.0125  	-0.7709  	1.10129  	0.68355  	0.38756  	0.20043  	0.39887  	0.38408  	0.23626  	0.43128  	0.81675  	-0.3445  	-0.4233  	0.02894  	-0.3090  	0.67444  	0.32616  	0.81214  	0.39506  	0.37644  	0.72182  	0.32608  	0.14993  	0.64026  	0.17321  	0.29373  	-0.2864  	-0.0172  	-0.0927  	-0.2901  	-0.1355  	0.14343  	-0.0615  	0.12480  	-0.2310  	-0.0379  	-0.0495  	0.17747  	-0.1038  	-0.3907  	-0.0537  	0.01430  	-0.0124  	0.02628  	0.02558  	-0.0014  	0.01763  	0.03940  	-0.0942  	-0.0549  	-0.0294  	-0.0336  	-0.0449  	0.00579  	0.04879  	0.02703  	0.03059  	-0.0010  	-0.0322  	-0.0329  	0.00450  	0.06924  	-0.0072  	0.02551  	0.06085  	-0.0742  	0.00657  	0.05173  	0.79666  	1.11780  	125.760  	104.299  	
-0.2750  	-0.0160  	-0.7289  	0.96877  	0.66441  	0.34698  	0.15675  	0.39628  	0.41127  	0.26480  	0.46186  	0.96353  	-0.3836  	-0.3951  	0.15145  	-0.3117  	0.66274  	0.30140  	0.80406  	0.42655  	0.42683  	0.69800  	0.35933  	0.23544  	0.45544  	0.18538  	0.25991  	-0.3317  	-0.1569  	-0.2104  	-0.2423  	-0.1362  	0.18756  	-0.0547  	0.14203  	-0.2750  	0.02434  	-0.0556  	0.14056  	-0.0866  	-0.3635  	-0.0368  	-0.0268  	0.00277  	0.01908  	0.02884  	0.01111  	0.02579  	0.02103  	-0.0757  	-0.0515  	-0.0277  	-0.0358  	-0.0408  	0.00133  	0.05252  	0.02326  	0.02907  	-1.4275  	-0.0224  	-0.0266  	0.01273  	0.07314  	-0.0101  	0.02750  	0.06263  	-0.0736  	0.00584  	0.05194  	0.78866  	1.11780  	125.760  	104.299  	
0.08086  	0.14402  	-0.2984  	0.72520  	0.33425  	0.48180  	0.18114  	0.52264  	0.50375  	0.25205  	0.57770  	0.76841  	-0.3888  	-0.4330  	-0.0309  	-0.2055  	0.74142  	0.32121  	0.81906  	0.37540  	0.65087  	0.69806  	0.52094  	0.24859  	0.39414  	0.15486  	0.26566  	-0.6090  	-0.3567  	-0.2755  	-0.2546  	-0.1048  	0.22004  	-0.0815  	0.12208  	-0.3780  	0.22985  	0.04062  	0.12198  	-0.1291  	-0.3224  	-0.0983  	0.07477  	0.01901  	0.02119  	0.02405  	-0.0055  	0.02400  	0.03372  	-0.0741  	-0.0726  	-0.0281  	-0.0334  	-0.0301  	0.00713  	0.05786  	0.00485  	0.01156  	-0.0185  	-0.0269  	-0.0249  	0.01997  	0.07211  	0.00261  	0.02896  	0.06345  	-0.0732  	0.00515  	0.05198  	0.78331  	1.11780  	125.760  	104.299  	
0.13658  	0.14203  	-0.2406  	0.63742  	0.29841  	0.46345  	0.22909  	0.59588  	0.52398  	0.28524  	0.79536  	0.80000  	-0.4424  	-0.4658  	-0.2735  	-0.0904  	0.60661  	0.32653  	0.82405  	0.40907  	0.71871  	0.68528  	0.50441  	0.15604  	0.44430  	0.12925  	0.26993  	-0.6247  	-0.2984  	-0.2608  	-0.2741  	-0.0608  	0.22522  	-0.0828  	0.11944  	-0.3327  	0.22629  	0.07947  	0.10257  	-0.1389  	-0.2914  	-0.1160  	0.09301  	0.03645  	0.02363  	0.02521  	-0.0111  	0.04683  	0.02942  	-0.0979  	-0.0602  	-0.0328  	-0.0231  	-0.0381  	0.00393  	0.06040  	0.01137  	0.02050  	-0.0163  	-0.0200  	-0.0225  	0.00613  	0.06909  	0.00070  	0.02989  	0.06331  	-0.0731  	0.00449  	0.05184  	0.78061  	1.11780  	125.760  	104.299  	
-0.3221  	0.00546  	-0.5789  	0.66747  	0.40385  	0.23699  	0.20111  	0.34174  	0.41468  	0.39170  	0.75544  	0.81133  	-0.4623  	-0.5780  	-0.1919  	-0.2761  	0.68294  	0.34227  	0.79808  	0.47749  	0.57721  	0.63952  	0.41636  	0.22447  	0.43957  	0.13202  	0.28811  	-0.5584  	-0.2885  	-0.2517  	-0.2233  	-0.1144  	0.15291  	-0.0622  	0.09066  	-0.2495  	0.14456  	-0.0018  	0.09661  	-0.1062  	-0.3136  	-0.0711  	0.02895  	-0.0054  	0.01652  	0.01940  	0.00656  	0.03064  	0.01129  	-0.0881  	-0.0490  	-0.0294  	-0.0390  	-0.0382  	-0.0006  	0.06457  	0.03478  	0.02704  	-0.0180  	-0.0330  	-0.0274  	0.00998  	0.07409  	0.00236  	0.03026  	0.06135  	-0.0731  	0.00456  	0.05056  	0.78556  	1.11780  	125.760  	104.299  	
-0.6553  	-0.1234  	-0.6958  	0.17597  	0.15405  	0.20755  	0.13023  	0.31060  	0.41428  	0.42091  	0.83193  	0.62345  	-0.5142  	-0.8598  	-0.4781  	-0.4217  	0.71379  	0.39766  	0.81403  	0.41025  	0.47939  	0.60881  	0.47504  	0.17045  	0.37106  	0.21147  	0.11833  	-0.4592  	-0.1858  	-0.2368  	-0.1937  	-0.1192  	0.15521  	-0.0533  	-0.0021  	-0.1842  	0.06095  	-0.0005  	0.12667  	-0.1093  	-0.2706  	-0.0910  	0.04503  	-0.0190  	0.02121  	0.04118  	0.01095  	-0.0136  	0.01300  	-0.0757  	-0.0655  	-0.0252  	-0.0383  	-0.0304  	0.00840  	0.03040  	0.02526  	0.03537  	-0.0157  	-0.0230  	-0.0269  	0.02393  	0.07693  	0.00245  	0.02881  	0.05913  	-0.0734  	0.00390  	0.05035  	0.78947  	1.11780  	125.760  	104.299  	
-0.6297  	-0.1005  	-0.6530  	-0.0065  	0.01055  	0.13861  	0.17351  	0.22039  	0.32837  	0.52061  	0.88552  	0.57450  	-0.5401  	-0.9547  	-0.6295  	-0.4484  	0.72413  	0.39991  	0.85409  	0.41125  	0.44152  	0.66438  	0.55342  	0.06720  	0.47047  	0.20381  	0.14440  	-0.4564  	-0.1367  	-0.2526  	-0.1636  	-0.1510  	0.12636  	-0.0755  	-0.1695  	-0.1581  	0.07079  	0.00967  	0.15140  	-0.1327  	-0.1624  	-0.1024  	0.08433  	0.01827  	0.03456  	0.02074  	0.00752  	0.01013  	0.01168  	-0.0815  	-0.0697  	-0.0203  	-0.0333  	-0.0302  	0.00321  	0.03941  	0.01731  	0.02486  	-0.0201  	-0.0174  	-0.0164  	0.01141  	0.07960  	-0.0095  	0.02833  	0.05581  	-0.0739  	0.00306  	0.05024  	0.78922  	1.11780  	125.760  	104.299  	
-0.6691  	-0.1346  	-0.6673  	0.08530  	0.08846  	0.12653  	0.18281  	0.18007  	0.34614  	0.48234  	0.78431  	0.56354  	-0.5493  	-1.0212  	-0.6204  	-0.3953  	0.72320  	0.40241  	0.84243  	0.40372  	0.33191  	0.64994  	0.55678  	0.02712  	0.46150  	0.24271  	0.12279  	-0.3544  	-0.0975  	-0.2848  	-0.1445  	-0.1483  	0.13575  	-0.0640  	-0.1929  	-0.1423  	0.02397  	-0.0159  	0.20883  	-0.1494  	-0.1703  	-0.1160  	0.08605  	0.03010  	0.02770  	0.01671  	-0.0008  	0.02420  	0.00030  	-0.0783  	-0.0540  	-0.0207  	-0.0345  	-0.0391  	0.00415  	0.04183  	0.02255  	0.02729  	-0.0190  	-0.0199  	-0.0144  	0.01086  	0.09225  	0.00287  	0.02781  	0.05245  	-0.0745  	0.00228  	0.04965  	0.79764  	1.11780  	125.760  	104.299  	
-0.5599  	-0.0862  	-0.6417  	0.23239  	0.14338  	0.19851  	0.13112  	0.27344  	0.38503  	0.39489  	0.75896  	0.62270  	-0.5621  	-0.9297  	-0.5448  	-0.3554  	0.71771  	0.38759  	0.84738  	0.36598  	0.41747  	0.70135  	0.61843  	0.12795  	0.41307  	0.22555  	0.13409  	-0.3905  	-0.1445  	-0.2706  	-0.2076  	-0.1373  	0.12973  	-0.0755  	-0.1166  	-0.1981  	0.05612  	-0.0123  	0.14966  	-0.1292  	-0.1735  	-0.0974  	0.06710  	0.02635  	0.01894  	0.02300  	0.00743  	0.02559  	0.01253  	-0.0875  	-0.0604  	-0.0223  	-0.0347  	-0.0364  	0.00737  	0.03735  	0.02849  	0.02698  	-0.0099  	-0.0256  	-0.0209  	0.00714  	0.08122  	0.00772  	0.02749  	0.04765  	-0.0752  	0.00150  	0.04908  	0.80240  	1.11780  	125.760  	104.299  	
-0.3291  	-0.0736  	-0.6258  	0.55860  	0.32538  	0.33805  	0.15967  	0.28977  	0.36805  	0.32998  	0.65914  	0.75211  	-0.4957  	-0.8107  	-0.3597  	-0.3195  	0.69937  	0.42499  	0.80727  	0.43612  	0.37602  	0.67424  	0.48343  	0.14656  	0.44184  	0.20722  	0.14391  	-0.3156  	-0.1017  	-0.2540  	-0.2308  	-0.1270  	0.15619  	-0.0620  	-0.0465  	-0.1666  	0.02586  	-0.0183  	0.14816  	-0.0926  	-0.2489  	-0.1019  	0.06955  	0.01424  	0.01521  	0.01693  	0.00507  	0.01389  	0.01850  	-0.0991  	-0.0584  	-0.0255  	-0.0284  	-0.0399  	0.00861  	0.04539  	0.02807  	0.02583  	-0.0056  	-0.0250  	-0.0272  	0.00653  	0.07737  	-0.0008  	0.02736  	0.04499  	-0.0764  	0.00102  	0.04866  	0.80399  	1.11780  	125.760  	104.299  	
-0.1950  	-0.0367  	-0.5619  	0.70374  	0.46052  	0.28464  	0.21089  	0.28241  	0.36585  	0.46950  	0.68907  	0.78465  	-0.4884  	-0.8119  	-0.3976  	-0.1813  	0.63239  	0.44436  	0.79047  	0.50804  	0.30761  	0.68192  	0.35787  	0.14192  	0.48765  	0.15481  	0.13767  	-0.2605  	-0.0644  	-0.2351  	-0.2815  	-0.1084  	0.13969  	-0.0702  	0.00672  	-0.1045  	-0.0036  	-0.0381  	0.16482  	-0.0784  	-0.2657  	-0.0959  	0.05073  	0.01500  	0.02730  	0.02176  	0.00020  	0.02486  	0.03331  	-0.0989  	-0.0403  	-0.0313  	-0.0216  	-0.0457  	0.01342  	0.04598  	0.03476  	0.02919  	-0.0072  	-0.0210  	-0.0276  	0.00239  	0.08328  	0.00062  	0.02721  	0.04206  	-0.0777  	0.00045  	0.04870  	0.79537  	1.11780  	125.760  	104.299  	
-0.1614  	-0.0492  	-0.5175  	0.71707  	0.47258  	0.32033  	0.21759  	0.28254  	0.35052  	0.50753  	0.71695  	0.73683  	-0.5057  	-0.8342  	-0.4577  	-0.1147  	0.61227  	0.44946  	0.81289  	0.47665  	0.29621  	0.70324  	0.32120  	0.16547  	0.55566  	0.14540  	0.20455  	-0.2941  	-0.0745  	-0.2106  	-0.2897  	-0.0974  	0.11818  	-0.0683  	0.03652  	-0.0707  	4.31239  	-0.0200  	0.16216  	-0.0764  	-0.2713  	-0.0831  	0.04851  	0.02328  	0.02228  	0.02408  	-0.0056  	0.03121  	0.03340  	-0.1019  	-0.0418  	-0.0250  	-0.0201  	-0.0464  	0.01716  	0.04587  	0.03022  	0.02733  	-0.0089  	-0.0218  	-0.0272  	-0.0060  	0.08694  	-0.0004  	0.02698  	0.04068  	-0.0787  	2.38089  	0.04829  	0.78947  	1.11780  	125.760  	104.299  	
-0.2214  	-0.0803  	-0.4994  	0.68058  	0.45687  	0.31350  	0.17546  	0.29149  	0.32029  	0.43631  	0.70458  	0.71756  	-0.4623  	-0.9627  	-0.4244  	-0.1478  	0.71876  	0.26355  	0.89240  	0.14722  	0.37674  	0.45671  	0.08865  	0.18641  	0.51504  	0.25118  	0.26256  	-0.4142  	-0.0025  	-0.2170  	-0.1622  	-0.1258  	-0.0055  	-0.2225  	-0.0362  	-0.0821  	-0.0704  	-0.0009  	0.04969  	-0.1600  	-0.1956  	0.06272  	-0.0638  	0.11135  	-0.0403  	0.04459  	-0.0304  	0.04545  	0.01702  	-0.1194  	-0.0331  	-0.0170  	-0.0183  	-0.0186  	0.02138  	0.04415  	0.02366  	0.01182  	-0.0053  	-0.0111  	-0.0248  	-0.0109  	0.07292  	-0.0015  	0.02608  	0.03925  	-0.0796  	-0.0004  	0.04764  	0.79228  	1.11780  	125.760  	104.299  	
-0.3933  	-0.0651  	-0.6290  	0.52867  	0.31122  	0.25528  	0.12912  	0.32728  	0.28020  	0.31914  	0.72339  	0.69407  	-0.4638  	-1.0434  	-0.3718  	-0.3391  	0.85970  	0.15063  	0.92923  	-0.0310  	0.42722  	0.24087  	-0.0469  	0.15382  	0.43474  	0.35196  	0.17382  	-0.4273  	0.09018  	-0.2561  	-0.0486  	-0.1847  	-0.0886  	-0.3628  	-0.1555  	-0.1156  	-0.1551  	-0.0189  	-0.0373  	-0.2463  	-0.1115  	0.14096  	-0.1533  	0.16584  	-0.0892  	0.05887  	-0.0456  	0.04556  	-0.0107  	-0.1148  	-0.0351  	-0.0108  	-0.0201  	-0.0028  	0.02774  	0.04295  	0.02404  	0.00559  	-0.0052  	-0.0077  	-0.0175  	-0.0056  	0.05649  	0.00171  	0.02366  	0.03945  	-0.0804  	-0.0005  	0.04796  	0.78257  	1.11780  	125.760  	104.299  	
-0.4911  	-0.0835  	-0.6170  	0.38748  	0.22434  	0.16537  	0.10098  	0.37961  	0.27337  	0.27901  	0.80458  	0.60559  	-0.4763  	-1.0503  	-0.3133  	-0.4700  	0.90671  	0.06823  	0.95744  	-0.1251  	0.58069  	0.21670  	0.01368  	0.19328  	0.34439  	0.39923  	0.17606  	-0.5721  	0.00929  	-0.3202  	0.00904  	-0.2171  	-0.0910  	-0.3964  	-0.1396  	-0.2066  	-0.0936  	-0.0075  	-0.1177  	-0.3157  	-0.0814  	0.17583  	-0.1997  	0.17698  	-0.0937  	0.06122  	-0.0444  	0.02921  	-0.0186  	-0.1073  	-0.0381  	-0.0131  	-0.0223  	-0.0070  	0.02529  	0.03900  	0.02041  	0.00589  	-0.0048  	-0.0127  	-0.0191  	0.00247  	0.04588  	0.00235  	0.02146  	0.03861  	-0.0809  	-0.0007  	0.04865  	0.76761  	1.11780  	125.760  	104.299  	
-0.4344  	-0.0520  	-0.5816  	0.45928  	0.26918  	0.22649  	0.08430  	0.39870  	0.32568  	0.29494  	0.69045  	0.70528  	-0.4684  	-0.9934  	-0.2923  	-0.4298  	0.87469  	0.08602  	0.94477  	-0.1142  	0.54760  	0.29070  	0.13295  	0.14289  	0.29483  	0.40084  	0.15568  	-0.5881  	0.00297  	-0.3003  	-0.0198  	-0.2285  	-0.0517  	-0.3627  	-0.1681  	-0.2267  	-0.0993  	-0.0075  	-0.0696  	-0.2705  	-0.0770  	0.15215  	-0.1585  	0.17307  	-0.0948  	0.05457  	-0.0423  	0.04561  	-0.0196  	-0.1156  	-0.0533  	-0.0133  	-0.0271  	-0.0127  	0.02133  	0.03242  	0.02042  	0.00820  	-0.0124  	-0.0195  	-0.0174  	0.00884  	0.05819  	0.00696  	0.01839  	0.03834  	-0.0811  	-0.0011  	0.04885  	0.77248  	1.11780  	125.760  	104.299  	
-0.4276  	-0.0390  	-0.5490  	0.35029  	0.25694  	0.23321  	0.14651  	0.33215  	0.35267  	0.38538  	0.67929  	0.72529  	-0.4416  	-0.8358  	-0.4208  	-0.4221  	0.76841  	0.24993  	0.89632  	0.16025  	0.37395  	0.49054  	0.28126  	0.10358  	0.32473  	0.31804  	0.04220  	-0.3696  	0.02101  	-0.2929  	-0.0926  	-0.2085  	0.05253  	-0.2237  	-0.1916  	-0.2236  	-0.1022  	-0.0195  	0.06514  	-0.1779  	-0.0944  	0.02433  	-0.0394  	0.10475  	-0.0566  	0.02904  	-0.0230  	0.04517  	0.01142  	-0.1050  	-0.0526  	-0.0180  	-0.0346  	-0.0319  	0.01443  	0.03436  	0.01671  	0.01074  	-0.0110  	-0.0273  	-0.0135  	0.01072  	0.06556  	0.00235  	0.01553  	0.03685  	-0.0806  	-0.0015  	0.04896  	0.77482  	1.11780  	125.760  	104.299  	
-0.5711  	-0.0603  	-0.6761  	0.30080  	0.26885  	0.06616  	0.20988  	0.24114  	0.37682  	0.46809  	0.78771  	0.65880  	-0.5395  	-0.7877  	-0.5080  	-0.3821  	0.67574  	0.40336  	0.81848  	0.40793  	0.38937  	0.66970  	0.48752  	0.15014  	0.44550  	0.17556  	0.13604  	-0.3997  	-0.0951  	-0.2551  	-0.1998  	-0.1557  	0.14766  	-0.0635  	-0.0551  	-0.1608  	0.01743  	-0.0331  	0.16021  	-0.0916  	-0.2130  	-0.1124  	0.05205  	0.01843  	0.01773  	0.01631  	0.00959  	0.01552  	0.01898  	-0.0863  	-0.0536  	-0.0300  	-0.0321  	-0.0373  	0.01230  	0.03828  	0.01959  	0.03042  	-0.0145  	-0.0196  	-0.0240  	0.01462  	0.09342  	0.00412  	0.01304  	0.03710  	-0.0796  	-0.0016  	0.04948  	0.77196  	1.11780  	125.760  	104.299  	
-0.6793  	-0.1254  	-0.7873  	0.29233  	0.26839  	0.08521  	0.14145  	0.29062  	0.35452  	0.43130  	0.86858  	0.70128  	-0.5395  	-0.7930  	-0.4507  	-0.4657  	0.71469  	0.37425  	0.80635  	0.39564  	0.47456  	0.65670  	0.53748  	0.20592  	0.38698  	0.20413  	0.18903  	-0.4061  	-0.1611  	-0.2715  	-0.2162  	-0.1492  	0.13250  	-0.0695  	-0.0122  	-0.2206  	0.02168  	-0.0497  	0.16779  	-0.1181  	-0.2556  	-0.0743  	0.02274  	-0.0197  	0.04163  	0.02584  	0.00669  	-0.0026  	0.00632  	-0.0665  	-0.0587  	-0.0243  	-0.0347  	-0.0310  	0.00298  	0.03232  	0.02431  	0.02723  	-0.0120  	-0.0214  	-0.0242  	0.01633  	0.08505  	0.00077  	0.01243  	0.03638  	-0.0785  	-0.0020  	0.04989  	0.77139  	1.11780  	125.760  	104.299  	
-0.5798  	-0.0614  	-0.7378  	0.34984  	0.30219  	0.08091  	0.14827  	0.37043  	0.38435  	0.43553  	0.91000  	0.78237  	-0.4886  	-0.7168  	-0.4535  	-0.4101  	0.68080  	0.40278  	0.79976  	0.45480  	0.47359  	0.67651  	0.48769  	0.18206  	0.34649  	0.19373  	0.10499  	-0.3781  	-0.1605  	-0.2898  	-0.2009  	-0.1768  	0.15421  	-0.0613  	-0.0301  	-0.2205  	0.02103  	-0.0421  	0.18872  	-0.1106  	-0.2560  	-0.0752  	0.02356  	-0.0280  	0.02294  	0.02843  	0.00705  	0.02307  	0.00911  	-0.0820  	-0.0548  	-0.0197  	-0.0359  	-0.0416  	0.00325  	0.03856  	0.02606  	0.02821  	-0.0108  	-0.0227  	-0.0195  	0.01026  	0.08000  	-0.0062  	0.01363  	0.03668  	-0.0776  	-0.0022  	0.04913  	0.78081  	1.11780  	125.760  	104.299  	
-0.4366  	-0.0188  	-0.6279  	0.41849  	0.31205  	0.12920  	0.15803  	0.40006  	0.43478  	0.37036  	0.81040  	0.78799  	-0.4311  	-0.5898  	-0.2978  	-0.3721  	0.68690  	0.40824  	0.79964  	0.44729  	0.51220  	0.65219  	0.49600  	0.19171  	0.29630  	0.20438  	0.12015  	-0.4112  	-0.1603  	-0.2957  	-0.1882  	-0.1718  	0.18548  	-0.0613  	-0.0029  	-0.2681  	0.02194  	-0.0317  	0.15305  	-0.0933  	-0.2501  	-0.1070  	0.04406  	-0.0103  	0.02175  	0.02511  	-0.0048  	0.01753  	0.01562  	-0.0909  	-0.0510  	-0.0239  	-0.0424  	-0.0488  	-0.0054  	0.04683  	0.01515  	0.01984  	-0.0113  	-0.0244  	-0.0179  	0.01487  	0.07695  	-0.0031  	0.01604  	0.03713  	-0.0769  	-0.0027  	0.04831  	0.79258  	1.11780  	125.760  	104.299  	
-0.1938  	0.07049  	-0.4890  	0.61397  	0.36845  	0.34735  	0.15454  	0.43435  	0.45428  	0.33994  	0.63955  	0.75888  	-0.4109  	-0.5488  	-0.2088  	-0.3128  	0.69755  	0.37142  	0.79274  	0.40054  	0.56149  	0.67866  	0.52643  	0.18711  	0.30738  	0.20315  	0.11689  	-0.4533  	-0.2277  	-0.2866  	-0.2036  	-0.1432  	0.18959  	-0.0669  	0.01902  	-0.3106  	0.07354  	-0.0143  	0.16074  	-0.1058  	-0.2330  	-0.1046  	0.06394  	0.00789  	0.00370  	0.02919  	0.00645  	0.03268  	0.00728  	-0.0816  	-0.0516  	-0.0199  	-0.0334  	-0.0418  	-0.0004  	0.04814  	0.01661  	0.02061  	-0.0090  	-0.0275  	-0.0174  	0.01490  	0.06490  	-0.0002  	0.01882  	0.04002  	-0.0766  	-0.0028  	0.04782  	0.78741  	1.11780  	125.760  	104.299  	
0.00818  	0.12964  	-0.3791  	0.64503  	0.29608  	0.46255  	0.15346  	0.51958  	0.48246  	0.29008  	0.71153  	0.76182  	-0.4118  	-0.4858  	-0.1393  	-0.2457  	0.72824  	0.30530  	0.82638  	0.35656  	0.67371  	0.69779  	0.55403  	0.18630  	0.33537  	0.17728  	0.21746  	-0.5873  	-0.3260  	-0.2911  	-0.2217  	-0.1122  	0.20244  	-0.0767  	0.09131  	-0.3478  	0.19798  	0.04123  	0.09631  	-0.1678  	-0.2790  	-0.1203  	0.07091  	0.00757  	0.01001  	0.02744  	0.00513  	0.02613  	0.02215  	-0.0795  	-0.0668  	-0.0228  	-0.0279  	-0.0386  	0.00421  	0.05956  	0.00943  	0.02015  	-0.0164  	-0.0245  	-0.0194  	0.02540  	0.06932  	-0.0023  	0.02183  	0.04222  	-0.0764  	-0.0028  	0.04757  	0.77238  	1.11780  	125.760  	104.299  	
0.06199  	0.12686  	-0.3636  	0.70547  	0.30435  	0.52954  	0.16915  	0.53323  	0.49158  	0.23731  	0.73752  	0.75291  	-0.4259  	-0.4669  	-0.0231  	-0.2282  	0.71679  	0.28406  	0.81707  	0.33119  	0.76796  	0.73306  	0.56880  	0.23342  	0.35896  	0.17392  	0.26365  	-0.6667  	-0.3677  	-0.2961  	-0.2394  	-0.0950  	0.19231  	-0.0825  	0.13547  	-0.3578  	0.24961  	0.06416  	0.07550  	-0.1848  	-0.2851  	-0.1063  	0.05903  	-0.0040  	0.00743  	0.03038  	0.00440  	0.02588  	0.02165  	-0.0765  	-0.0691  	-0.0223  	-0.0272  	-0.0337  	0.00511  	0.06108  	0.00888  	0.02512  	-0.0134  	-0.0217  	-0.0182  	0.02083  	0.07069  	-0.0044  	0.02390  	0.04524  	-0.0765  	-0.0025  	0.04688  	0.77403  	1.11780  	125.760  	104.299  	
0.13895  	0.13361  	-0.2975  	0.71991  	0.26544  	0.56571  	0.17786  	0.58070  	0.51456  	0.18676  	0.79244  	0.75757  	-0.4422  	-0.4475  	-0.0078  	-0.1719  	0.70589  	0.26641  	0.82620  	0.28031  	0.84192  	0.72370  	0.61418  	0.28568  	0.35479  	0.15527  	0.32507  	-0.7490  	-0.4633  	-0.2913  	-0.2508  	-0.0712  	0.19777  	-0.0773  	0.19275  	-0.3835  	0.32787  	0.09120  	0.05012  	-0.2094  	-0.3184  	-0.0936  	0.05659  	0.00234  	0.01150  	0.02790  	0.00103  	0.02793  	0.02602  	-0.0828  	-0.0763  	-0.0214  	-0.0240  	-0.0289  	0.00349  	0.06209  	0.00997  	0.02508  	-0.0190  	-0.0185  	-0.0184  	0.01528  	0.07684  	-0.0022  	0.02293  	0.04708  	-0.0760  	-0.0025  	0.04608  	0.78684  	1.11780  	125.760  	104.299  	
0.09691  	0.13349  	-0.3146  	0.69824  	0.25311  	0.54643  	0.18297  	0.56549  	0.51845  	0.19174  	0.82250  	0.75542  	-0.4417  	-0.4490  	-0.0437  	-0.1816  	0.70281  	0.26672  	0.81083  	0.27186  	0.83419  	0.70673  	0.60262  	0.28862  	0.34611  	0.15953  	0.31336  	-0.7297  	-0.4684  	-0.3009  	-0.2413  	-0.0744  	0.19885  	-0.0768  	0.19656  	-0.3811  	0.32198  	0.08401  	0.04319  	-0.2100  	-0.3063  	-0.0961  	0.05269  	-0.0005  	0.01261  	0.02720  	-0.0001  	0.02049  	0.02068  	-0.0780  	-0.0731  	-0.0198  	-0.0224  	-0.0286  	0.00294  	0.06124  	0.00721  	0.02558  	-0.0166  	-0.0182  	-0.0162  	0.01794  	0.07787  	-0.0031  	0.02015  	0.04853  	-0.0758  	-0.0017  	0.04653  	0.78866  	1.11780  	125.760  	104.299  	
0.08478  	0.13174  	-0.3299  	0.69236  	0.25228  	0.53158  	0.17861  	0.55786  	0.51658  	0.19827  	0.82478  	0.75747  	-0.4490  	-0.4603  	-0.0469  	-0.1884  	0.71050  	0.26782  	0.80617  	0.26811  	0.83061  	0.69988  	0.60829  	0.29124  	0.33422  	0.16105  	0.31603  	-0.7308  	-0.4810  	-0.3058  	-0.2406  	-0.0754  	0.19885  	-0.0791  	0.20124  	-0.3897  	0.31988  	0.08462  	0.03515  	-0.2133  	-0.3082  	-0.0971  	0.05035  	-0.0009  	0.00963  	0.02939  	-0.0010  	0.01643  	0.01809  	-0.0774  	-0.0725  	-0.0187  	-0.0237  	-0.0295  	0.00231  	0.05996  	0.00703  	0.02551  	-0.0158  	-0.0206  	-0.0164  	0.01959  	0.07578  	-0.0043  	0.01824  	0.04890  	-0.0758  	-0.0007  	0.04774  	0.78690  	1.11780  	125.760  	104.299  	
0.09380  	0.12566  	-0.3239  	0.69797  	0.26112  	0.53653  	0.17814  	0.56080  	0.51299  	0.20336  	0.82726  	0.75789  	-0.4529  	-0.4695  	-0.0443  	-0.1875  	0.71707  	0.26577  	0.80546  	0.27305  	0.82794  	0.69800  	0.60820  	0.29043  	0.33621  	0.15658  	0.32664  	-0.7301  	-0.4850  	-0.3071  	-0.2453  	-0.0714  	0.19642  	-0.0817  	0.20085  	-0.3870  	0.32610  	0.08871  	0.03674  	-0.2098  	-0.3118  	-0.0974  	0.05037  	0.00095  	0.00952  	0.02958  	-0.0005  	0.01831  	0.01938  	-0.0778  	-0.0713  	-0.0188  	-0.0237  	-0.0296  	0.00339  	0.06014  	0.01053  	0.02438  	-0.0153  	-0.0197  	-0.0173  	0.01821  	0.07673  	-0.0037  	0.01609  	0.05017  	-0.0758  	0.00026  	0.04877  	0.80628  	1.11780  	125.760  	104.299  	
0.10094  	0.12526  	-0.3147  	0.70060  	0.26627  	0.54110  	0.18128  	0.56323  	0.51438  	0.20326  	0.82587  	0.75014  	-0.4511  	-0.4658  	-0.0503  	-0.1852  	0.71528  	0.26495  	0.80910  	0.26942  	0.82383  	0.69948  	0.60674  	0.29464  	0.33936  	0.15540  	0.33129  	-0.7372  	-0.4818  	-0.3036  	-0.2485  	-0.0690  	0.19407  	-0.0814  	0.20352  	-0.3823  	0.32411  	0.08795  	0.03922  	-0.2070  	-0.3150  	-0.0957  	0.05182  	0.00025  	0.00963  	0.02924  	-0.0009  	0.02100  	0.02099  	-0.0797  	-0.0707  	-0.0186  	-0.0241  	-0.0293  	0.00394  	0.05990  	0.01054  	0.02451  	-0.0153  	-0.0199  	-0.0176  	0.01659  	0.07742  	-0.0034  	0.01470  	0.05026  	-0.0754  	0.00165  	0.04994  	0.80978  	1.11780  	125.760  	104.299  	
0.08467  	0.12104  	-0.3240  	0.69029  	0.27995  	0.52304  	0.17682  	0.53358  	0.51938  	0.23218  	0.81395  	0.80678  	-0.4406  	-0.4636  	-0.1142  	-0.1575  	0.71597  	0.29131  	0.79847  	0.33155  	0.78012  	0.68500  	0.57772  	0.26001  	0.34847  	0.17286  	0.26092  	-0.6475  	-0.4195  	-0.3034  	-0.2282  	-0.0963  	0.21558  	-0.0778  	0.15433  	-0.3640  	0.27036  	0.06608  	0.06598  	-0.1985  	-0.2825  	-0.1038  	0.06055  	0.00161  	0.01396  	0.02776  	0.00485  	0.02547  	0.02193  	-0.0771  	-0.0711  	-0.0192  	-0.0255  	-0.0343  	0.00372  	0.05574  	0.00847  	0.02339  	-0.0157  	-0.0207  	-0.0169  	0.01553  	0.08124  	-0.0049  	0.01367  	0.05134  	-0.0749  	0.00324  	0.05125  	0.81768  	1.11780  	125.760  	104.299  	
-0.5542  	-0.0755  	-0.6911  	0.32502  	0.24532  	0.07454  	0.10611  	0.29392  	0.45475  	0.48566  	0.92584  	0.83099  	-0.4416  	-0.6891  	-0.6210  	-0.2196  	0.66750  	0.40506  	0.81646  	0.50020  	0.40403  	0.58749  	0.49256  	0.16554  	0.18203  	0.29553  	-0.0799  	-0.2607  	-0.2724  	-0.3719  	-0.1530  	-0.1428  	0.21620  	-0.0649  	-0.0737  	-0.2547  	0.00256  	-0.0497  	0.18964  	-0.1622  	-0.1922  	-0.0952  	0.04625  	0.00025  	0.00881  	0.02708  	0.00263  	0.02440  	0.03460  	-0.0730  	-0.0690  	-0.0243  	-0.0247  	-0.0385  	0.01150  	0.04330  	0.01576  	0.03195  	-0.0060  	-0.0185  	-0.0107  	0.01821  	0.08319  	0.01044  	0.01366  	0.05125  	-0.0746  	0.00442  	0.05199  	0.83249  	1.11780  	125.760  	104.299  	
-0.8705  	-0.1727  	-0.8924  	0.06591  	0.23791  	-0.0913  	0.18228  	0.27680  	0.37388  	0.47630  	1.02974  	0.66418  	-0.5374  	-0.8432  	-0.7240  	-0.4571  	0.66024  	0.39932  	0.81495  	0.47215  	0.41954  	0.63072  	0.42593  	0.13779  	0.31299  	0.23362  	-0.0109  	-0.2966  	-0.1112  	-0.3278  	-0.1860  	-0.1799  	0.17285  	-0.0684  	-0.0714  	-0.1724  	-0.0136  	-0.0627  	0.16748  	-0.1686  	-0.2259  	-0.0884  	0.03427  	-0.0427  	0.03432  	0.01640  	0.00149  	0.02651  	0.01192  	-0.0823  	-0.0720  	-0.0280  	-0.0303  	-0.0404  	0.00815  	0.03632  	0.02733  	0.02527  	-0.0105  	-0.0095  	-0.0205  	0.00802  	0.08522  	-0.0015  	0.01423  	0.05191  	-0.0741  	0.00525  	0.05169  	0.84363  	1.11780  	125.760  	104.299  	
-0.6161  	-0.0629  	-0.6345  	0.30007  	0.25485  	0.03547  	0.12624  	0.37941  	0.41905  	0.37999  	0.92685  	0.75017  	-0.4680  	-0.6213  	-0.3345  	-0.3595  	0.74218  	0.35136  	0.83756  	0.44554  	0.57987  	0.56363  	0.47611  	0.25813  	0.33000  	0.22090  	0.15699  	-0.4729  	-0.2261  	-0.3402  	-0.1473  	-0.1487  	0.19324  	-0.0733  	-0.0031  	-0.2677  	0.08139  	-0.0312  	0.14636  	-0.1453  	-0.2574  	-0.0922  	0.01076  	-0.0323  	0.03665  	0.04720  	-0.0153  	0.02291  	-0.0120  	-0.0899  	-0.0659  	-0.0175  	-0.0383  	-0.0465  	0.00394  	0.04386  	0.01867  	0.02840  	-0.0032  	-0.0266  	-0.0193  	0.02437  	0.07702  	0.00131  	0.01517  	0.05209  	-0.0734  	0.00540  	0.05099  	0.86071  	1.11780  	125.760  	104.299  	
0.01922  	0.10228  	-0.3370  	0.45232  	0.17562  	0.35910  	0.10129  	0.54183  	0.47484  	0.29935  	0.75198  	0.81013  	-0.3603  	-0.4883  	-0.2271  	-0.1870  	0.73707  	0.31809  	0.86373  	0.33969  	0.65693  	0.64071  	0.62506  	0.21266  	0.34868  	0.17102  	0.22449  	-0.6834  	-0.3611  	-0.2810  	-0.2250  	-0.1473  	0.22410  	-0.0714  	0.06871  	-0.3323  	0.22676  	0.03852  	0.10861  	-0.1357  	-0.2993  	-0.0944  	0.06153  	0.00828  	0.02067  	0.03349  	0.00324  	0.01527  	0.01927  	-0.0648  	-0.0817  	-0.0326  	-0.0441  	-0.0354  	-0.0020  	0.05309  	0.01176  	0.01916  	-0.0185  	-0.0298  	-0.0271  	0.02350  	0.08757  	-0.0024  	0.01557  	0.05312  	-0.0727  	0.00555  	0.05095  	0.85146  	1.11780  	125.760  	104.299  	
0.16469  	0.08153  	-0.2928  	0.66334  	0.27841  	0.42595  	0.15333  	0.49973  	0.51104  	0.30283  	0.83855  	0.88379  	-0.4456  	-0.6068  	-0.2595  	-0.1603  	0.66247  	0.31068  	0.84109  	0.36952  	0.76485  	0.70118  	0.57078  	0.23261  	0.36288  	0.15102  	0.19606  	-0.6416  	-0.4314  	-0.2779  	-0.2457  	-0.0663  	0.18797  	-0.0622  	0.13948  	-0.3618  	0.27179  	0.07625  	0.09313  	-0.1911  	-0.2937  	-0.0824  	0.08537  	0.00408  	0.02075  	0.04002  	0.00071  	0.02119  	0.03672  	-0.0795  	-0.0725  	-0.0198  	-0.0253  	-0.0336  	0.00831  	0.05858  	0.01015  	0.02510  	-0.0162  	-0.0273  	-0.0307  	0.01938  	0.08320  	-0.0098  	0.01675  	0.05252  	-0.0723  	0.00520  	0.05103  	0.84173  	1.11780  	125.760  	104.299  	
0.14502  	0.05199  	-0.2792  	0.66033  	0.30818  	0.49792  	0.16561  	0.53569  	0.50204  	0.30716  	0.86552  	0.86351  	-0.4638  	-0.6311  	-0.3636  	-0.0137  	0.65608  	0.33476  	0.84896  	0.41615  	0.77915  	0.64959  	0.47861  	0.19168  	0.42957  	0.11971  	0.24465  	-0.5913  	-0.4343  	-0.2825  	-0.2530  	-0.0714  	0.17879  	-0.0765  	0.16158  	-0.3143  	0.23961  	0.07614  	0.10278  	-0.1999  	-0.2999  	-0.0896  	0.07868  	-0.0086  	0.00810  	0.03409  	-0.0035  	0.03111  	0.03791  	-0.0944  	-0.0589  	-0.0217  	-0.0232  	-0.0301  	0.00306  	0.05725  	0.01391  	0.02622  	-0.0100  	-0.0193  	-0.0330  	0.00835  	0.08851  	-0.0105  	0.01669  	0.05152  	-0.0728  	0.00447  	0.05054  	0.84903  	1.11780  	125.760  	104.299  	
-0.0933  	0.00673  	-0.3399  	0.59577  	0.31755  	0.46830  	0.14782  	0.47071  	0.46171  	0.35582  	0.74166  	0.70066  	-0.4981  	-0.6164  	-0.3941  	-0.1266  	0.67227  	0.35068  	0.83990  	0.42452  	0.67410  	0.64307  	0.43123  	0.22377  	0.50470  	0.10675  	0.28605  	-0.5559  	-0.3752  	-0.2587  	-0.2556  	-0.0874  	0.15584  	-0.0843  	0.12606  	-0.2669  	0.23075  	0.03314  	0.11127  	-0.1555  	-0.2959  	-0.0923  	0.05643  	-0.0042  	0.01367  	0.02563  	-0.0021  	0.01239  	0.03481  	-0.0901  	-0.0491  	-0.0294  	-0.0252  	-0.0346  	-0.0047  	0.06042  	0.02049  	0.02761  	-0.0114  	-0.0109  	-0.0313  	0.01753  	0.09261  	-0.0068  	0.01588  	0.04927  	-0.0732  	0.00335  	0.04943  	0.84903  	1.11780  	125.760  	104.299  	
-0.3277  	-0.0444  	-0.4941  	0.51088  	0.28099  	0.38691  	0.15033  	0.35268  	0.39868  	0.34725  	0.75071  	0.63092  	-0.5090  	-0.7977  	-0.3764  	-0.2661  	0.71979  	0.34790  	0.87520  	0.41245  	0.59078  	0.66690  	0.50353  	0.28846  	0.49563  	0.14430  	0.29361  	-0.5644  	-0.2858  	-0.2752  	-0.2770  	-0.0982  	0.13404  	-0.0735  	0.10616  	-0.2168  	0.17593  	0.03464  	0.10337  	-0.1160  	-0.2842  	-0.0977  	0.04532  	0.01063  	0.00918  	0.02561  	-0.0107  	0.01657  	0.01249  	-0.0797  	-0.0507  	-0.0186  	-0.0251  	-0.0321  	-0.0011  	0.04604  	0.01915  	0.02867  	-0.0112  	-0.0264  	-0.0222  	0.00997  	0.07910  	-0.0068  	0.01560  	0.04751  	-0.0745  	0.00252  	0.04893  	0.84971  	1.11780  	125.760  	104.299  	
-0.4607  	-0.0500  	-0.6120  	0.29535  	0.18456  	0.23254  	0.13713  	0.25576  	0.35374  	0.36048  	0.79169  	0.62987  	-0.5909  	-0.9216  	-0.5791  	-0.3048  	0.68602  	0.41441  	0.84481  	0.42291  	0.46805  	0.65827  	0.53324  	0.19483  	0.41770  	0.16802  	0.16973  	-0.4564  	-0.1704  	-0.2863  	-0.2495  	-0.1339  	0.12358  	-0.0769  	-0.0290  	-0.1509  	0.08729  	-0.0089  	0.14294  	-0.0971  	-0.2291  	-0.0963  	0.04111  	0.02794  	0.02626  	0.02459  	0.00895  	0.00652  	0.02197  	-0.0896  	-0.0479  	-0.0250  	-0.0268  	-0.0384  	0.00558  	0.03817  	0.02512  	0.04114  	-0.0090  	-0.0270  	-0.0299  	0.00738  	0.07760  	-0.0034  	0.01678  	0.04579  	-0.0761  	0.00151  	0.04845  	0.85495  	1.11780  	125.760  	104.299  	
-0.7977  	-0.1568  	-0.7633  	0.14679  	0.14686  	-0.0371  	0.19416  	0.21826  	0.31893  	0.55200  	0.95505  	0.61787  	-0.5118  	-0.8000  	-0.6004  	-0.4451  	0.67031  	0.38695  	0.81207  	0.39649  	0.39161  	0.72162  	0.47198  	0.17170  	0.47372  	0.20398  	0.14441  	-0.4690  	-0.1442  	-0.2665  	-0.2093  	-0.1711  	0.14337  	-0.0664  	-0.0381  	-0.1358  	0.01662  	-0.0143  	0.15457  	-0.1242  	-0.2199  	-0.0661  	0.03809  	-0.0096  	0.02826  	0.02436  	0.00864  	0.01111  	0.01183  	-0.0807  	-0.0621  	-0.0248  	-0.0277  	-0.0384  	0.00427  	0.03459  	0.01767  	0.02452  	-0.0103  	-0.0201  	-0.0205  	0.01158  	0.08229  	-0.0042  	0.01797  	0.04488  	-0.0777  	0.00063  	0.04721  	0.86994  	1.11780  	125.760  	104.299  	
-0.7622  	-0.1450  	-0.7815  	0.06564  	0.11123  	-0.0475  	0.12081  	0.24586  	0.31475  	0.49058  	0.98481  	0.59169  	-0.5447  	-0.8555  	-0.5267  	-0.4843  	0.73624  	0.37098  	0.82257  	0.38592  	0.47055  	0.67805  	0.55574  	0.18824  	0.40019  	0.21753  	0.15224  	-0.4714  	-0.2023  	-0.2670  	-0.2016  	-0.1561  	0.13529  	-0.0763  	-0.0860  	-0.1726  	0.05662  	-0.0070  	0.13577  	-0.1523  	-0.2189  	-0.0911  	0.02285  	-0.0226  	0.02315  	0.03257  	0.00078  	-0.0069  	0.01153  	-0.0774  	-0.0706  	-0.0270  	-0.0351  	-0.0434  	0.00355  	0.03058  	0.01145  	0.03039  	-0.0117  	-0.0214  	-0.0194  	0.02118  	0.07616  	-0.0052  	0.01981  	0.04310  	-0.0788  	-6.3584  	0.04584  	0.88088  	1.11780  	125.760  	104.299  	
-0.6864  	-0.0778  	-0.6863  	0.12400  	0.11997  	0.01702  	0.16872  	0.27791  	0.35665  	0.51488  	0.84706  	0.62034  	-0.5144  	-0.8278  	-0.5948  	-0.4484  	0.70385  	0.38092  	0.81875  	0.39963  	0.46671  	0.70050  	0.54718  	0.16679  	0.40094  	0.22847  	0.18454  	-0.4802  	-0.1678  	-0.2926  	-0.1917  	-0.1710  	0.13628  	-0.0726  	-0.0783  	-0.1702  	0.01686  	-0.0414  	0.16689  	-0.1069  	-0.2255  	-0.0903  	0.04045  	0.00136  	0.02654  	0.01847  	0.01464  	0.01915  	0.01287  	-0.0869  	-0.0582  	-0.0212  	-0.0354  	-0.0340  	0.00432  	0.03495  	0.02151  	0.02786  	-0.0090  	-0.0205  	-0.0232  	0.01751  	0.08015  	-0.0026  	0.02182  	0.04254  	-0.0798  	-0.0004  	0.04457  	0.89430  	1.11780  	125.760  	104.299  	
-0.4359  	-0.0416  	-0.6003  	0.37842  	0.23357  	0.23024  	0.13694  	0.33783  	0.38663  	0.40163  	0.72657  	0.71718  	-0.5196  	-0.8449  	-0.4991  	-0.3171  	0.72174  	0.42535  	0.84380  	0.42974  	0.43009  	0.68032  	0.55726  	0.15006  	0.38863  	0.20846  	0.10794  	-0.3983  	-0.1261  	-0.2813  	-0.1976  	-0.1343  	0.14586  	-0.0749  	-0.1078  	-0.2261  	0.01077  	-0.0052  	0.17662  	-0.1030  	-0.1912  	-0.1231  	0.07331  	0.01835  	-0.0010  	0.01625  	0.00378  	0.01830  	0.01825  	-0.0940  	-0.0591  	-0.0230  	-0.0306  	-0.0407  	0.00913  	0.04122  	0.02354  	0.02307  	-0.0137  	-0.0280  	-0.0203  	0.01946  	0.08272  	0.00053  	0.02320  	0.04163  	-0.0803  	-0.0009  	0.04374  	0.89656  	1.11780  	125.760  	104.299  	
-0.5175  	-0.0661  	-0.6322  	0.36398  	0.23590  	0.17278  	0.12739  	0.26051  	0.37281  	0.44918  	0.75945  	0.73647  	-0.5268  	-0.9166  	-0.5745  	-0.3031  	0.69998  	0.44827  	0.82111  	0.45779  	0.34854  	0.63133  	0.53417  	0.06030  	0.35235  	0.21279  	0.00258  	-0.2830  	-0.0502  	-0.2818  	-0.1957  	-0.1480  	0.13538  	-0.0549  	-0.1336  	-0.1691  	-0.0199  	-0.0140  	0.19590  	-0.1108  	-0.1658  	-0.1250  	0.09455  	0.02794  	0.00776  	0.01861  	0.00743  	0.02966  	0.01679  	-0.0932  	-0.0593  	-0.0214  	-0.0277  	-0.0411  	0.01511  	0.03714  	0.01972  	0.02705  	-0.0151  	-0.0292  	-0.0185  	0.01910  	0.08423  	0.00198  	0.02348  	0.04169  	-0.0800  	-0.0012  	0.04262  	0.89711  	1.11780  	125.760  	104.299  	
-0.5869  	-0.0986  	-0.6910  	0.26699  	0.17179  	0.15535  	0.16285  	0.25033  	0.36201  	0.44615  	0.76375  	0.62139  	-0.5508  	-0.9422  	-0.5509  	-0.3521  	0.70379  	0.42403  	0.82922  	0.41194  	0.34115  	0.65772  	0.54536  	0.08364  	0.40117  	0.21422  	0.07019  	-0.3194  	-0.0631  	-0.2821  	-0.2214  	-0.1409  	0.12855  	-0.0577  	-0.1324  	-0.1645  	0.00317  	-0.0092  	0.17569  	-0.1176  	-0.1659  	-0.1020  	0.08122  	0.03297  	0.01316  	0.02278  	0.00358  	0.02423  	0.02120  	-0.0929  	-0.0598  	-0.0179  	-0.0361  	-0.0386  	0.01058  	0.03783  	0.02512  	0.02746  	-0.0100  	-0.0253  	-0.0169  	0.01147  	0.07984  	0.00516  	0.02292  	0.04135  	-0.0795  	-0.0015  	0.04151  	0.90408  	1.11780  	125.760  	104.299  	
-0.4865  	-0.0871  	-0.6804  	0.43439  	0.24826  	0.23800  	0.15629  	0.29678  	0.35891  	0.39317  	0.72256  	0.70280  	-0.5090  	-0.8708  	-0.4118  	-0.3360  	0.69764  	0.40275  	0.81171  	0.40741  	0.35248  	0.70017  	0.56669  	0.10191  	0.40481  	0.21795  	0.08122  	-0.3476  	-0.0823  	-0.2709  	-0.2154  	-0.1486  	0.13565  	-0.0637  	-0.0973  	-0.1979  	0.00533  	-0.0052  	0.16287  	-0.1044  	-0.2008  	-0.0905  	0.06595  	0.02950  	0.01399  	0.02282  	0.00629  	0.01518  	0.01265  	-0.0892  	-0.0610  	-0.0199  	-0.0324  	-0.0403  	0.00892  	0.03470  	0.02740  	0.02713  	-0.0106  	-0.0272  	-0.0237  	0.01173  	0.08040  	0.00468  	0.02041  	0.04173  	-0.0790  	-0.0015  	0.04171  	0.89334  	1.11780  	125.760  	104.299  	
-0.3001  	0.00914  	-0.6287  	0.61119  	0.32261  	0.32165  	0.15571  	0.37949  	0.40460  	0.33594  	0.59019  	0.80404  	-0.4250  	-0.6945  	-0.2297  	-0.3473  	0.70074  	0.37657  	0.80611  	0.42381  	0.37725  	0.73967  	0.53925  	0.09973  	0.39623  	0.19322  	0.07547  	-0.3597  	-0.0903  	-0.2556  	-0.2166  	-0.1681  	0.16671  	-0.0276  	-0.0317  	-0.2190  	-0.0124  	-0.0123  	0.17128  	-0.1009  	-0.2299  	-0.1160  	0.06729  	0.01271  	0.00449  	0.02583  	0.00450  	0.03205  	0.01429  	-0.0875  	-0.0579  	-0.0242  	-0.0284  	-0.0433  	-9.1686  	0.04668  	0.01449  	0.02339  	-0.0093  	-0.0315  	-0.0167  	0.01346  	0.07228  	-0.0016  	0.01773  	0.04071  	-0.0785  	-0.0015  	0.04266  	0.87789  	1.11780  	125.760  	104.299  	
-0.0803  	0.08195  	-0.4661  	0.73001  	0.36229  	0.42867  	0.16346  	0.49340  	0.44234  	0.28233  	0.61651  	0.80424  	-0.3327  	-0.6162  	-0.1379  	-0.3151  	0.77776  	0.24308  	0.87586  	0.19946  	0.60369  	0.48580  	0.21580  	0.12182  	0.33653  	0.28629  	0.07744  	-0.4845  	-0.0706  	-0.2954  	-0.1323  	-0.1812  	0.11664  	-0.2332  	-0.0477  	-0.2971  	-0.0716  	0.00352  	0.05570  	-0.1996  	-0.1556  	0.02904  	-0.0443  	0.08132  	-0.0483  	0.05076  	-0.0206  	0.04467  	0.00937  	-0.0945  	-0.0457  	-0.0219  	-0.0286  	-0.0274  	0.01210  	0.04906  	0.01715  	0.01204  	-0.0124  	-0.0252  	-0.0117  	0.00855  	0.05816  	-0.0036  	0.01398  	0.03958  	-0.0787  	-0.0016  	0.04306  	0.87499  	1.11780  	125.760  	104.299  	
-0.1616  	0.04714  	-0.4746  	0.68712  	0.42571  	0.32667  	0.14094  	0.43902  	0.41718  	0.31263  	0.63290  	0.75088  	-0.3347  	-0.7425  	-0.1888  	-0.3743  	0.82411  	0.12152  	0.93741  	-0.0019  	0.51743  	0.29065  	-0.0781  	0.14308  	0.37151  	0.34478  	0.12186  	-0.4926  	0.05812  	-0.2778  	-0.0481  	-0.2262  	-0.0116  	-0.3401  	-0.1001  	-0.2291  	-0.1475  	-0.0207  	-0.0249  	-0.2377  	-0.1279  	0.15343  	-0.1591  	0.13874  	-0.0933  	0.06308  	-0.0430  	0.05720  	-0.0047  	-0.0981  	-0.0361  	-0.0149  	-0.0255  	-0.0082  	0.02178  	0.04918  	0.01880  	0.00451  	-0.0051  	-0.0082  	-0.0161  	0.00259  	0.04592  	0.00089  	0.01140  	0.03803  	-0.0791  	-0.0016  	0.04319  	0.86242  	1.11780  	125.760  	104.299  	
-0.1943  	0.02266  	-0.4920  	0.94252  	0.50387  	0.43422  	0.09074  	0.49933  	0.35274  	0.19520  	0.56957  	0.78299  	-0.3589  	-0.7114  	0.02534  	-0.4224  	0.86612  	-0.0166  	0.93787  	-0.1389  	0.64138  	0.27725  	-0.0612  	0.24902  	0.34874  	0.37874  	0.24596  	-0.6405  	-0.0031  	-0.2483  	-0.0323  	-0.2159  	-0.0492  	-0.3833  	-0.0327  	-0.2920  	-0.0959  	-0.0131  	-0.0918  	-0.2665  	-0.1826  	0.18181  	-0.1905  	0.16232  	-0.1012  	0.06859  	-0.0467  	0.05277  	-0.0110  	-0.1134  	-0.0352  	-0.0166  	-0.0245  	-0.0058  	0.01908  	0.05039  	0.02059  	0.00085  	-0.0036  	-4.0903  	-0.0161  	-0.0034  	0.03947  	0.00143  	0.00934  	0.03784  	-0.0792  	-0.0015  	0.04370  	0.85192  	1.11780  	125.760  	104.299  	
-0.1585  	0.01547  	-0.4484  	0.84454  	0.48544  	0.43027  	0.09402  	0.46776  	0.34862  	0.26947  	0.61461  	0.77058  	-0.3732  	-0.7403  	-0.1431  	-0.3001  	0.80873  	0.05934  	0.95986  	-0.0033  	0.53606  	0.30706  	-0.1148  	0.22247  	0.38557  	0.33853  	0.18490  	-0.5222  	-0.0060  	-0.2438  	-0.0863  	-0.1953  	-0.0173  	-0.3574  	-0.0259  	-0.2377  	-0.1064  	-0.0169  	-0.0577  	-0.2515  	-0.1625  	0.17005  	-0.1724  	0.15101  	-0.0737  	0.06922  	-0.0494  	0.05947  	0.00028  	-0.1166  	-0.0280  	-0.0172  	-0.0299  	-0.0145  	0.01658  	0.04914  	0.02889  	0.00667  	-0.0063  	-0.0098  	-0.0247  	0.00154  	0.04047  	-0.0007  	0.00873  	0.03697  	-0.0797  	-0.0017  	0.04418  	0.85229  	1.11780  	125.760  	104.299  	
-0.0334  	0.00849  	-0.5314  	0.99810  	0.61098  	0.40081  	0.11690  	0.39255  	0.33135  	0.34477  	0.48397  	0.82539  	-0.3463  	-0.5823  	0.08488  	-0.3895  	0.70869  	0.12526  	0.87051  	0.13954  	0.55213  	0.55723  	0.07291  	0.27679  	0.40407  	0.26391  	0.30716  	-0.5729  	-0.1760  	-0.2354  	-0.1416  	-0.1574  	0.03423  	-0.2308  	0.11655  	-0.2499  	-0.0161  	-0.0402  	0.00694  	-0.1200  	-0.3014  	0.09122  	-0.1200  	0.11606  	-0.0383  	0.04588  	-0.0249  	0.02076  	0.01470  	-0.0938  	-0.0337  	-0.0256  	-0.0313  	-0.0198  	0.00449  	0.04126  	0.02850  	0.02161  	-0.0140  	-0.0087  	-0.0333  	0.00779  	0.05718  	-0.0090  	0.00948  	0.03670  	-0.0802  	-0.0017  	0.04336  	0.86095  	1.11780  	125.760  	104.299  	
0.22547  	0.04831  	-0.4365  	1.13845  	0.61911  	0.53738  	0.22954  	0.41181  	0.40730  	0.35160  	0.21947  	0.65442  	-0.2401  	-0.2852  	0.34480  	-0.4210  	0.67153  	0.29591  	0.76911  	0.30213  	0.47213  	0.77351  	0.46799  	0.23497  	0.48923  	0.14577  	0.33303  	-0.5713  	-0.0921  	-0.1515  	-0.2706  	-0.1385  	0.14417  	-0.0688  	0.14484  	-0.2551  	0.04059  	-0.0472  	0.20562  	-0.0630  	-0.3747  	-0.0610  	0.03445  	0.01960  	0.01555  	0.02587  	-0.0078  	0.02883  	0.03414  	-0.0897  	-0.0431  	-0.0253  	-0.0311  	-0.0505  	0.00577  	0.05966  	0.01591  	0.02223  	-0.0145  	-0.0175  	-0.0267  	0.02292  	0.06833  	-0.0104  	0.01176  	0.03691  	-0.0804  	-0.0021  	0.04251  	0.87255  	1.11780  	125.760  	104.299  	
0.27790  	0.14760  	-0.3001  	0.91071  	0.58145  	0.52638  	0.26585  	0.46533  	0.46753  	0.43381  	0.11275  	0.46513  	-0.1945  	-0.1111  	0.33136  	-0.5352  	0.65544  	0.24805  	0.77566  	0.05390  	0.39659  	0.90810  	0.60759  	0.16470  	0.60679  	0.13321  	0.43958  	-0.6485  	-0.0173  	-0.0868  	-0.1820  	-0.1328  	0.15180  	-0.0542  	0.06883  	-0.2491  	-0.0187  	-0.0494  	0.17647  	-0.0799  	-0.3545  	-0.0735  	0.08872  	0.02186  	-0.0044  	0.01929  	-0.0243  	0.06685  	0.05983  	-0.0928  	-0.0495  	-0.0248  	-0.0246  	-0.0420  	0.00832  	0.06980  	0.01422  	0.02163  	-0.0172  	-0.0146  	-0.0129  	0.02376  	0.08312  	-0.0048  	0.01419  	0.03920  	-0.0804  	-0.0023  	0.04220  	0.87228  	1.11780  	125.760  	104.299  	
-0.4089  	0.04627  	-0.6838  	0.55989  	0.42646  	0.11897  	0.17926  	0.36918  	0.37173  	0.39944  	0.69088  	0.53390  	-0.4260  	-0.4745  	-0.0715  	-0.4667  	0.70959  	0.29749  	0.78494  	0.31347  	0.60833  	0.65879  	0.40529  	0.38065  	0.53304  	0.13766  	0.51415  	-0.6923  	-0.2678  	-0.1948  	-0.2410  	-0.0892  	0.11931  	-0.1011  	0.22352  	-0.2449  	0.14194  	-0.0458  	0.05486  	0.01294  	-0.3755  	0.00639  	-0.0429  	-0.0422  	0.01634  	0.00548  	0.01340  	0.01768  	0.00668  	-0.0767  	-0.0484  	-0.0177  	-0.0442  	-0.0318  	0.00011  	0.04976  	0.00906  	0.01977  	-0.0014  	-0.0200  	-0.0277  	-0.0050  	0.06458  	-0.0121  	0.01596  	0.04132  	-0.0797  	-0.0024  	0.04262  	0.85764  	1.11780  	125.760  	104.299  	
-0.1135  	-0.0411  	-0.5832  	0.57549  	0.40127  	0.31325  	0.11731  	0.45021  	0.42169  	0.33348  	0.70471  	0.72964  	-0.3801  	-0.4621  	0.07360  	-0.3511  	0.65659  	0.22050  	0.84343  	0.30199  	0.73654  	0.71260  	0.54341  	0.36087  	0.21309  	0.18706  	0.33151  	-0.7124  	-0.4128  	-0.2659  	-0.2151  	-0.1159  	0.17848  	-0.0423  	0.21604  	-0.3634  	0.19016  	-0.0160  	0.04252  	-0.1019  	-0.3277  	-0.0641  	-0.0429  	-0.0029  	0.02646  	0.02880  	0.00981  	0.01896  	-0.0038  	-0.0370  	-0.0476  	-0.0143  	-0.0228  	-0.0343  	-0.0257  	0.05154  	0.00244  	0.03027  	-0.0362  	-0.0208  	-0.0168  	0.01703  	0.05284  	-0.0123  	0.01590  	0.04399  	-0.0791  	-0.0021  	0.04262  	0.85775  	1.11780  	125.760  	104.299  	
0.21805  	0.09480  	-0.2838  	0.84205  	0.49683  	0.53625  	0.25740  	0.43714  	0.41859  	0.33354  	0.27953  	0.58747  	-0.2744  	-0.2086  	0.24988  	-0.4807  	0.67725  	0.23239  	0.77391  	0.18020  	0.47326  	0.79326  	0.52540  	0.27128  	0.48577  	0.16966  	0.44395  	-0.7182  	-0.2577  	-0.1754  	-0.2289  	-0.0960  	0.17782  	-0.0645  	0.17996  	-0.2591  	0.07792  	-0.0032  	0.12191  	-0.1046  	-0.3397  	-0.0711  	0.05958  	0.01967  	0.01392  	0.02978  	-0.0084  	0.06689  	0.04289  	-0.0821  	-0.0472  	-0.0262  	-0.0328  	-0.0463  	0.00669  	0.06084  	0.01819  	0.02335  	-0.0207  	-0.0237  	-0.0163  	0.01716  	0.07906  	-0.0085  	0.00653  	0.04693  	-0.0836  	-0.0025  	0.04467  	0.85589  	1.11780  	125.760  	104.299  	
0.27027  	0.16943  	-0.3072  	0.88026  	0.48285  	0.59754  	0.32144  	0.49441  	0.48246  	0.37869  	0.13162  	0.48849  	-0.2284  	-0.2297  	0.16958  	-0.4990  	0.72262  	0.23307  	0.81843  	-0.0017  	0.43922  	0.91228  	0.66198  	0.21464  	0.57390  	0.14292  	0.42775  	-0.6689  	-0.0949  	-0.1329  	-0.2424  	-0.1169  	0.14798  	-0.0932  	0.01668  	-0.3271  	0.11904  	-0.0371  	0.19267  	-0.0818  	-0.3112  	-0.0704  	0.09751  	0.02113  	-0.0119  	0.02178  	-0.0313  	0.08520  	0.05112  	-0.0944  	-0.0600  	-0.0160  	-0.0265  	-0.0386  	0.00189  	0.07675  	0.00012  	0.00738  	-0.0180  	-0.0116  	-0.0165  	0.02875  	0.07516  	-0.0076  	0.00249  	0.04823  	-0.0837  	-0.0014  	0.04556  	0.85932  	1.11780  	125.760  	104.299  	
0.02949  	0.16800  	-0.3207  	0.56966  	0.31771  	0.41053  	0.29531  	0.49475  	0.44042  	0.49406  	0.46537  	0.44233  	-0.2655  	-0.1218  	0.07040  	-0.4764  	0.68089  	0.18093  	0.77693  	0.20804  	0.53470  	0.90082  	0.42555  	0.39375  	0.69507  	0.12603  	0.51046  	-0.7613  	-0.2258  	-0.1859  	-0.2006  	-0.1200  	0.15199  	-0.1033  	0.19715  	-0.2600  	0.15910  	-0.0319  	0.13936  	-0.0837  	-0.3652  	-0.0418  	0.04843  	-0.0153  	-0.0054  	0.03859  	-0.0051  	0.05005  	0.04037  	-0.0840  	-0.0438  	-0.0152  	-0.0423  	-0.0407  	-0.0065  	0.05019  	0.00904  	0.01088  	-0.0096  	-0.0105  	-0.0252  	0.04133  	0.09235  	-0.0016  	0.00425  	0.04751  	-0.0793  	0.00030  	0.04535  	0.86327  	1.11780  	125.760  	104.299  	
-0.6985  	-0.1681  	-0.8388  	0.41388  	0.26605  	0.10533  	0.12827  	0.42785  	0.36660  	0.41147  	0.93704  	0.68533  	-0.5440  	-0.7278  	-0.2433  	-0.4547  	0.66369  	0.35765  	0.83777  	0.48762  	0.64720  	0.63196  	0.47768  	0.26384  	0.28847  	0.20364  	0.17589  	-0.5536  	-0.3053  	-0.2914  	-0.2116  	-0.1134  	0.17229  	-0.0879  	0.11184  	-0.2841  	0.12555  	-0.0082  	0.09999  	-0.1019  	-0.3631  	-0.0796  	-0.0194  	-0.0012  	0.04690  	0.03603  	0.01801  	-0.0309  	-0.0175  	-0.0740  	-0.0725  	-0.0183  	-0.0391  	-0.0381  	-0.0121  	0.02594  	0.02928  	0.02016  	-0.0228  	-0.0303  	-0.0244  	0.03118  	0.05836  	-0.0082  	0.01137  	0.04521  	-0.0709  	0.00265  	0.04314  	0.89025  	1.11780  	125.760  	104.299  	
-0.8845  	-0.1777  	-0.7530  	0.07557  	0.18529  	-0.1149  	0.08843  	0.36968  	0.36111  	0.52920  	1.05337  	0.61909  	-0.5907  	-0.8413  	-0.6154  	-0.5164  	0.67058  	0.37607  	0.84877  	0.35301  	0.59993  	0.63595  	0.54325  	0.22068  	0.27284  	0.21072  	0.18440  	-0.5924  	-0.2482  	-0.2997  	-0.2005  	-0.1532  	0.16035  	-0.0779  	-0.0020  	-0.2710  	0.13790  	0.00287  	0.14922  	-0.1385  	-0.2589  	-0.0871  	-0.0038  	0.00150  	0.03799  	0.03396  	-0.0008  	-0.0249  	-0.0030  	-0.0823  	-0.0688  	-0.0223  	-0.0306  	-0.0384  	0.00198  	0.03632  	0.00909  	0.02754  	-0.0137  	-0.0211  	-0.0244  	0.03190  	0.06764  	-0.0045  	0.02423  	0.04328  	-0.0593  	0.00539  	0.03950  	0.90693  	1.11780  	125.760  	104.299  	
-0.7394  	-0.1030  	-0.7038  	0.00622  	0.04892  	-0.0756  	0.09624  	0.35430  	0.34313  	0.53362  	0.98130  	0.54439  	-0.5759  	-0.8405  	-0.7469  	-0.5081  	0.72783  	0.38487  	0.86129  	0.35066  	0.52203  	0.67948  	0.56951  	0.16693  	0.40267  	0.18756  	0.19562  	-0.5057  	-0.1638  	-0.2821  	-0.1976  	-0.1608  	0.12544  	-0.0922  	-0.0879  	-0.1965  	0.08759  	0.00557  	0.18297  	-0.1385  	-0.2433  	-0.0895  	0.03305  	-0.0106  	0.01720  	0.03153  	-0.0002  	0.00208  	0.02501  	-0.0965  	-0.0691  	-0.0262  	-0.0383  	-0.0441  	0.01144  	0.03931  	0.01360  	0.03256  	-0.0054  	-0.0195  	-0.0197  	0.01420  	0.08320  	-0.0057  	0.04271  	0.04285  	-0.0453  	0.00833  	0.03497  	0.92359  	1.11780  	125.760  	104.299  	
-0.7095  	-0.1356  	-0.6867  	-0.0561  	-0.0268  	-0.0163  	0.13180  	0.30977  	0.38557  	0.57385  	0.86410  	0.50620  	-0.5753  	-0.9411  	-0.7533  	-0.4549  	0.73330  	0.40673  	0.88273  	0.36557  	0.44937  	0.66335  	0.58433  	0.09501  	0.40568  	0.20379  	0.17020  	-0.4345  	-0.1692  	-0.2722  	-0.1662  	-0.1490  	0.12721  	-0.0676  	-0.1514  	-0.1957  	0.03856  	-0.0104  	0.16704  	-0.1240  	-0.2086  	-0.1188  	0.08188  	0.02840  	0.01680  	0.02001  	-0.0021  	0.00852  	0.02469  	-0.0904  	-0.0660  	-0.0269  	-0.0413  	-0.0400  	0.00473  	0.03668  	0.01237  	0.03403  	-0.0251  	-0.0214  	-0.0228  	0.01406  	0.09045  	0.00359  	0.06353  	0.04029  	-0.0320  	0.01134  	0.02901  	0.95765  	1.11780  	125.760  	104.299  	
-0.6370  	-0.0965  	-0.6722  	0.15911  	0.12598  	0.10670  	0.17749  	0.29022  	0.38901  	0.47282  	0.75805  	0.57462  	-0.5290  	-0.9205  	-0.4966  	-0.3909  	0.70295  	0.38880  	0.84417  	0.41514  	0.41906  	0.68280  	0.53332  	0.11039  	0.42622  	0.21393  	0.20650  	-0.4190  	-0.1466  	-0.2779  	-0.1872  	-0.1426  	0.15401  	-0.0707  	-0.1071  	-0.1845  	0.03820  	-0.0145  	0.16557  	-0.0967  	-0.2002  	-0.1130  	0.05787  	0.01956  	0.02940  	0.01691  	0.00740  	0.00884  	0.00710  	-0.0876  	-0.0539  	-0.0191  	-0.0298  	-0.0387  	-0.0030  	0.04220  	0.01609  	0.01958  	-0.0101  	-0.0169  	-0.0140  	0.01558  	0.08030  	-0.0010  	0.08411  	0.03661  	-0.0192  	0.01428  	0.02270  	0.99012  	1.11780  	125.760  	104.299  	
-0.5086  	-0.0274  	-0.6425  	0.32400  	0.24174  	0.19787  	0.16152  	0.33149  	0.40383  	0.39473  	0.66831  	0.66608  	-0.5050  	-0.8268  	-0.4401  	-0.3411  	0.70771  	0.41036  	0.82408  	0.41869  	0.40629  	0.70308  	0.56338  	0.13520  	0.35699  	0.22228  	0.12862  	-0.4091  	-0.1477  	-0.2869  	-0.1860  	-0.1463  	0.16841  	-0.0554  	-0.1000  	-0.2290  	0.02646  	-0.0090  	0.16377  	-0.1242  	-0.1758  	-0.1184  	0.06165  	0.02850  	0.01822  	0.02487  	0.00695  	0.01335  	0.00843  	-0.0948  	-0.0640  	-0.0264  	-0.0286  	-0.0455  	0.00085  	0.03995  	0.01992  	0.02525  	-0.0137  	-0.0247  	-0.0144  	0.01466  	0.08126  	0.00122  	0.10250  	0.03212  	-0.0087  	0.01623  	0.01725  	1.01906  	1.11780  	125.760  	104.299  	
-0.2453  	0.04686  	-0.4748  	0.50066  	0.23774  	0.32768  	0.15020  	0.40972  	0.42647  	0.37425  	0.69892  	0.72652  	-0.4521  	-0.6759  	-0.3185  	-0.2815  	0.70140  	0.38088  	0.82504  	0.37642  	0.50852  	0.68798  	0.57227  	0.13983  	0.33809  	0.19993  	0.13509  	-0.5150  	-0.2287  	-0.3006  	-0.1912  	-0.1368  	0.19686  	-0.0639  	-0.0037  	-0.2770  	0.10188  	0.02470  	0.11359  	-0.1174  	-0.2142  	-0.1270  	0.07698  	0.03341  	0.00331  	0.01921  	0.00574  	0.01736  	0.01073  	-0.1009  	-0.0745  	-0.0214  	-0.0227  	-0.0348  	0.00632  	0.04627  	0.00954  	0.02106  	-0.0209  	-0.0284  	-0.0096  	0.02201  	0.08279  	0.00304  	0.11718  	0.02781  	-0.0016  	0.01817  	0.01343  	1.03397  	1.11780  	125.760  	104.299  	
-0.1012  	0.09394  	-0.4322  	0.56699  	0.26828  	0.37627  	0.15111  	0.45699  	0.46147  	0.32291  	0.77696  	0.75078  	-0.4372  	-0.5645  	-0.2277  	-0.2445  	0.70399  	0.36054  	0.82273  	0.32875  	0.62707  	0.66504  	0.58959  	0.17353  	0.32000  	0.18020  	0.15307  	-0.5713  	-0.2898  	-0.2943  	-0.2099  	-0.1280  	0.19323  	-0.0604  	0.07353  	-0.3223  	0.16182  	0.04585  	0.07747  	-0.1431  	-0.2359  	-0.1210  	0.06618  	0.00842  	-0.0022  	0.02852  	0.00992  	0.01400  	0.01206  	-0.0791  	-0.0687  	-0.0226  	-0.0252  	-0.0336  	0.00702  	0.04641  	0.00461  	0.02552  	-0.0174  	-0.0301  	-0.0206  	0.02863  	0.07959  	-0.0054  	0.12710  	0.02241  	0.00154  	0.01938  	0.01133  	1.03463  	1.11780  	125.760  	104.299  	
0.06624  	0.12589  	-0.3461  	0.69621  	0.26559  	0.51900  	0.17321  	0.55010  	0.50679  	0.21599  	0.80341  	0.74953  	-0.4396  	-0.4798  	-0.0852  	-0.2030  	0.69463  	0.27411  	0.80997  	0.28965  	0.81457  	0.70122  	0.60536  	0.26158  	0.31869  	0.16078  	0.28537  	-0.7135  	-0.4482  	-0.2996  	-0.2448  	-0.0759  	0.19888  	-0.0789  	0.18224  	-0.3809  	0.28183  	0.07900  	0.04087  	-0.2064  	-0.2879  	-0.1028  	0.04992  	0.00499  	0.01130  	0.02969  	0.00146  	0.01581  	0.02069  	-0.0752  	-0.0739  	-0.0233  	-0.0232  	-0.0312  	0.00215  	0.05773  	0.00872  	0.02548  	-0.0164  	-0.0274  	-0.0161  	0.02029  	0.07444  	-0.0079  	0.12939  	0.01751  	0.00062  	0.01997  	0.01182  	1.02814  	1.11780  	125.760  	104.299  	
0.11726  	0.12925  	-0.3124  	0.70905  	0.26747  	0.55670  	0.17902  	0.57259  	0.52113  	0.18933  	0.80058  	0.75802  	-0.4364  	-0.4413  	-0.0147  	-0.1835  	0.71294  	0.26055  	0.80969  	0.26084  	0.83024  	0.71706  	0.62191  	0.29744  	0.33837  	0.15798  	0.33345  	-0.7449  	-0.4771  	-0.2928  	-0.2438  	-0.0735  	0.19464  	-0.0790  	0.20602  	-0.3897  	0.32632  	0.08526  	0.03822  	-0.2042  	-0.3161  	-0.0937  	0.05173  	-0.0003  	0.00942  	0.02756  	5.08427  	0.02197  	0.02319  	-0.0814  	-0.0726  	-0.0193  	-0.0245  	-0.0295  	0.00359  	0.06197  	0.00821  	0.02603  	-0.0169  	-0.0184  	-0.0174  	0.01903  	0.07782  	-0.0019  	0.12274  	0.01362  	-0.0067  	0.01958  	0.01493  	1.01302  	1.11780  	125.760  	104.299  	
0.12431  	0.12366  	-0.3132  	0.71686  	0.27784  	0.56896  	0.18065  	0.57586  	0.52156  	0.19421  	0.80098  	0.75915  	-0.4350  	-0.4485  	-0.0170  	-0.1770  	0.71995  	0.25733  	0.80782  	0.26625  	0.82514  	0.71255  	0.62349  	0.30287  	0.33714  	0.15741  	0.33898  	-0.7454  	-0.4820  	-0.2888  	-0.2470  	-0.0707  	0.19308  	-0.0783  	0.20592  	-0.3896  	0.32490  	0.08922  	0.04236  	-0.2062  	-0.3248  	-0.0927  	0.05069  	0.00023  	0.00914  	0.02893  	-0.0010  	0.02179  	0.02373  	-0.0847  	-0.0720  	-0.0185  	-0.0246  	-0.0303  	0.00407  	0.06123  	0.00864  	0.02604  	-0.0177  	-0.0196  	-0.0174  	0.01803  	0.07876  	-0.0008  	0.12245  	0.00966  	-0.0102  	0.02005  	0.01732  	0.98542  	1.11780  	125.760  	104.299  	
0.12431  	0.12366  	-0.3132  	0.71686  	0.27784  	0.56896  	0.18065  	0.57586  	0.52156  	0.19421  	0.80098  	0.75915  	-0.4350  	-0.4485  	-0.0170  	-0.1770  	0.71995  	0.25733  	0.80782  	0.26625  	0.82514  	0.71255  	0.62349  	0.30287  	0.33714  	0.15741  	0.33898  	-0.7454  	-0.4820  	-0.2888  	-0.2470  	-0.0707  	0.19308  	-0.0783  	0.20592  	-0.3896  	0.32490  	0.08922  	0.04236  	-0.2062  	-0.3248  	-0.0927  	0.05069  	0.00023  	0.00914  	0.02893  	-0.0010  	0.02179  	0.02373  	-0.0847  	-0.0720  	-0.0185  	-0.0246  	-0.0303  	0.00407  	0.06123  	0.00864  	0.02604  	-0.0177  	-0.0196  	-0.0174  	0.01803  	0.07876  	-0.0008  	0.12073  	0.00764  	-0.0128  	0.02023  	0.02015  	0.95169  	1.11780  	125.760  	104.299  	
0.12431  	0.12366  	-0.3132  	0.71686  	0.27784  	0.56896  	0.18065  	0.57586  	0.52156  	0.19421  	0.80098  	0.75915  	-0.4350  	-0.4485  	-0.0170  	-0.1770  	0.71995  	0.25733  	0.80782  	0.26625  	0.82514  	0.71255  	0.62349  	0.30287  	0.33714  	0.15741  	0.33898  	-0.7454  	-0.4820  	-0.2888  	-0.2470  	-0.0707  	0.19308  	-0.0783  	0.20592  	-0.3896  	0.32490  	0.08922  	0.04236  	-0.2062  	-0.3248  	-0.0927  	0.05069  	0.00023  	0.00914  	0.02893  	-0.0010  	0.02179  	0.02373  	-0.0847  	-0.0720  	-0.0185  	-0.0246  	-0.0303  	0.00407  	0.06123  	0.00864  	0.02604  	-0.0177  	-0.0196  	-0.0174  	0.01803  	0.07876  	-0.0008  	0.11669  	0.00721  	-0.0136  	0.02026  	0.02290  	0.92988  	1.11780  	125.760  	104.299  	
0.12431  	0.12366  	-0.3132  	0.71686  	0.27784  	0.56896  	0.18065  	0.57586  	0.52156  	0.19421  	0.80098  	0.75915  	-0.4350  	-0.4485  	-0.0170  	-0.1770  	0.71995  	0.25733  	0.80782  	0.26625  	0.82514  	0.71255  	0.62349  	0.30287  	0.33714  	0.15741  	0.33898  	-0.7454  	-0.4820  	-0.2888  	-0.2470  	-0.0707  	0.19308  	-0.0783  	0.20592  	-0.3896  	0.32490  	0.08922  	0.04236  	-0.2062  	-0.3248  	-0.0927  	0.05069  	0.00023  	0.00914  	0.02893  	-0.0010  	0.02179  	0.02373  	-0.0847  	-0.0720  	-0.0185  	-0.0246  	-0.0303  	0.00407  	0.06123  	0.00864  	0.02604  	-0.0177  	-0.0196  	-0.0174  	0.01803  	0.07876  	-0.0008  	0.11023  	0.01040  	-0.0134  	0.01973  	0.02538  	0.90136  	1.11780  	125.760  	104.299  	
0.12431  	0.12366  	-0.3132  	0.71686  	0.27784  	0.56896  	0.18065  	0.57586  	0.52156  	0.19421  	0.80098  	0.75915  	-0.4350  	-0.4485  	-0.0170  	-0.1770  	0.71995  	0.25733  	0.80782  	0.26625  	0.82514  	0.71255  	0.62349  	0.30287  	0.33714  	0.15741  	0.33898  	-0.7454  	-0.4820  	-0.2888  	-0.2470  	-0.0707  	0.19308  	-0.0783  	0.20592  	-0.3896  	0.32490  	0.08922  	0.04236  	-0.2062  	-0.3248  	-0.0927  	0.05069  	0.00023  	0.00914  	0.02893  	-0.0010  	0.02179  	0.02373  	-0.0847  	-0.0720  	-0.0185  	-0.0246  	-0.0303  	0.00407  	0.06123  	0.00864  	0.02604  	-0.0177  	-0.0196  	-0.0174  	0.01803  	0.07876  	-0.0008  	0.10223  	0.01555  	-0.0111  	0.01945  	0.02718  	0.88966  	1.11780  	125.760  	104.299  	
0.12431  	0.12366  	-0.3132  	0.71686  	0.27784  	0.56896  	0.18065  	0.57586  	0.52156  	0.19421  	0.80098  	0.75915  	-0.4350  	-0.4485  	-0.0170  	-0.1770  	0.71995  	0.25733  	0.80782  	0.26625  	0.82514  	0.71255  	0.62349  	0.30287  	0.33714  	0.15741  	0.33898  	-0.7454  	-0.4820  	-0.2888  	-0.2470  	-0.0707  	0.19308  	-0.0783  	0.20592  	-0.3896  	0.32490  	0.08922  	0.04236  	-0.2062  	-0.3248  	-0.0927  	0.05069  	0.00023  	0.00914  	0.02893  	-0.0010  	0.02179  	0.02373  	-0.0847  	-0.0720  	-0.0185  	-0.0246  	-0.0303  	0.00407  	0.06123  	0.00864  	0.02604  	-0.0177  	-0.0196  	-0.0174  	0.01803  	0.07876  	-0.0008  	0.09302  	0.01660  	-0.0065  	0.01831  	0.02862  	0.88449  	1.11780  	125.760  	104.299  	
0.12431  	0.12366  	-0.3132  	0.71686  	0.27784  	0.56896  	0.18065  	0.57586  	0.52156  	0.19421  	0.80098  	0.75915  	-0.4350  	-0.4485  	-0.0170  	-0.1770  	0.71995  	0.25733  	0.80782  	0.26625  	0.82514  	0.71255  	0.62349  	0.30287  	0.33714  	0.15741  	0.33898  	-0.7454  	-0.4820  	-0.2888  	-0.2470  	-0.0707  	0.19308  	-0.0783  	0.20592  	-0.3896  	0.32490  	0.08922  	0.04236  	-0.2062  	-0.3248  	-0.0927  	0.05069  	0.00023  	0.00914  	0.02893  	-0.0010  	0.02179  	0.02373  	-0.0847  	-0.0720  	-0.0185  	-0.0246  	-0.0303  	0.00407  	0.06123  	0.00864  	0.02604  	-0.0177  	-0.0196  	-0.0174  	0.01803  	0.07876  	-0.0008  	0.08189  	0.01744  	-0.0002  	0.01683  	0.02975  	0.88656  	1.11780  	125.760  	104.299  	
0.12431  	0.12366  	-0.3132  	0.71686  	0.27784  	0.56896  	0.18065  	0.57586  	0.52156  	0.19421  	0.80098  	0.75915  	-0.4350  	-0.4485  	-0.0170  	-0.1770  	0.71995  	0.25733  	0.80782  	0.26625  	0.82514  	0.71255  	0.62349  	0.30287  	0.33714  	0.15741  	0.33898  	-0.7454  	-0.4820  	-0.2888  	-0.2470  	-0.0707  	0.19308  	-0.0783  	0.20592  	-0.3896  	0.32490  	0.08922  	0.04236  	-0.2062  	-0.3248  	-0.0927  	0.05069  	0.00023  	0.00914  	0.02893  	-0.0010  	0.02179  	0.02373  	-0.0847  	-0.0720  	-0.0185  	-0.0246  	-0.0303  	0.00407  	0.06123  	0.00864  	0.02604  	-0.0177  	-0.0196  	-0.0174  	0.01803  	0.07876  	-0.0008  	0.06883  	0.01808  	0.00761  	0.01499  	0.03056  	0.89587  	1.11780  	125.760  	104.299  	
0.12431  	0.12366  	-0.3132  	0.71686  	0.27784  	0.56896  	0.18065  	0.57586  	0.52156  	0.19421  	0.80098  	0.75915  	-0.4350  	-0.4485  	-0.0170  	-0.1770  	0.71995  	0.25733  	0.80782  	0.26625  	0.82514  	0.71255  	0.62349  	0.30287  	0.33714  	0.15741  	0.33898  	-0.7454  	-0.4820  	-0.2888  	-0.2470  	-0.0707  	0.19308  	-0.0783  	0.20592  	-0.3896  	0.32490  	0.08922  	0.04236  	-0.2062  	-0.3248  	-0.0927  	0.05069  	0.00023  	0.00914  	0.02893  	-0.0010  	0.02179  	0.02373  	-0.0847  	-0.0720  	-0.0185  	-0.0246  	-0.0303  	0.00407  	0.06123  	0.00864  	0.02604  	-0.0177  	-0.0196  	-0.0174  	0.01803  	0.07876  	-0.0008  	0.05384  	0.01852  	0.01715  	0.01280  	0.03106  	0.91243  	1.11780  	125.760  	104.299  	
0.12431  	0.12366  	-0.3132  	0.71686  	0.27784  	0.56896  	0.18065  	0.57586  	0.52156  	0.19421  	0.80098  	0.75915  	-0.4350  	-0.4485  	-0.0170  	-0.1770  	0.71995  	0.25733  	0.80782  	0.26625  	0.82514  	0.71255  	0.62349  	0.30287  	0.33714  	0.15741  	0.33898  	-0.7454  	-0.4820  	-0.2888  	-0.2470  	-0.0707  	0.19308  	-0.0783  	0.20592  	-0.3896  	0.32490  	0.08922  	0.04236  	-0.2062  	-0.3248  	-0.0927  	0.05069  	0.00023  	0.00914  	0.02893  	-0.0010  	0.02179  	0.02373  	-0.0847  	-0.0720  	-0.0185  	-0.0246  	-0.0303  	0.00407  	0.06123  	0.00864  	0.02604  	-0.0177  	-0.0196  	-0.0174  	0.01803  	0.07876  	-0.0008  	0.03693  	0.01876  	0.02833  	0.01027  	0.03125  	0.93623  	1.11780  	125.760  	104.299  	
0.12431  	0.12366  	-0.3132  	0.71686  	0.27784  	0.56896  	0.18065  	0.57586  	0.52156  	0.19421  	0.80098  	0.75915  	-0.4350  	-0.4485  	-0.0170  	-0.1770  	0.71995  	0.25733  	0.80782  	0.26625  	0.82514  	0.71255  	0.62349  	0.30287  	0.33714  	0.15741  	0.33898  	-0.7454  	-0.4820  	-0.2888  	-0.2470  	-0.0707  	0.19308  	-0.0783  	0.20592  	-0.3896  	0.32490  	0.08922  	0.04236  	-0.2062  	-0.3248  	-0.0927  	0.05069  	0.00023  	0.00914  	0.02893  	-0.0010  	0.02179  	0.02373  	-0.0847  	-0.0720  	-0.0185  	-0.0246  	-0.0303  	0.00407  	0.06123  	0.00864  	0.02604  	-0.0177  	-0.0196  	-0.0174  	0.01803  	0.07876  	-0.0008  	0.01808  	0.01879  	0.04114  	0.00738  	0.03112  	0.96727  	1.11780  	125.760  	104.299  	
