6.807812500000000000e+01
1.077617187500000000e+02
6.807812500000000000e+01
1.276367187500000000e+02
6.807812500000000000e+01
1.450273437500000000e+02
6.989062500000000000e+01
1.599335937500000000e+02
7.623437500000000000e+01
1.735976562500000000e+02
8.529687500000000000e+01
1.860195312500000000e+02
9.617187500000000000e+01
1.959570312500000000e+02
1.079531250000000000e+02
2.046523437500000000e+02
1.197343750000000000e+02
2.058945312500000000e+02
1.315156250000000000e+02
2.046523437500000000e+02
1.405781250000000000e+02
1.971992187500000000e+02
1.505468750000000000e+02
1.897460937500000000e+02
1.596093750000000000e+02
1.810507812500000000e+02
1.668593750000000000e+02
1.711132812500000000e+02
1.722968750000000000e+02
1.574492187500000000e+02
1.759218750000000000e+02
1.437851562500000000e+02
1.768281250000000000e+02
1.276367187500000000e+02
7.895312500000000000e+01
9.906640625000000000e+01
8.756250000000000000e+01
9.285546875000000000e+01
9.979687500000000000e+01
9.223437500000000000e+01
1.124843750000000000e+02
9.596093750000000000e+01
1.210937500000000000e+02
1.003085937500000000e+02
1.469218750000000000e+02
1.040351562500000000e+02
1.555312500000000000e+02
1.021718750000000000e+02
1.632343750000000000e+02
1.009296875000000000e+02
1.713906250000000000e+02
1.009296875000000000e+02
1.768281250000000000e+02
1.077617187500000000e+02
1.315156250000000000e+02
1.226679687500000000e+02
1.306093750000000000e+02
1.326054687500000000e+02
1.306093750000000000e+02
1.437851562500000000e+02
1.297031250000000000e+02
1.524804687500000000e+02
1.170156250000000000e+02
1.586914062500000000e+02
1.215468750000000000e+02
1.599335937500000000e+02
1.269843750000000000e+02
1.624179687500000000e+02
1.324218750000000000e+02
1.611757812500000000e+02
1.378593750000000000e+02
1.599335937500000000e+02
8.710937500000000000e+01
1.164570312500000000e+02
9.526562500000000000e+01
1.139726562500000000e+02
1.097656250000000000e+02
1.164570312500000000e+02
1.133906250000000000e+02
1.239101562500000000e+02
1.079531250000000000e+02
1.251523437500000000e+02
9.526562500000000000e+01
1.226679687500000000e+02
1.442031250000000000e+02
1.288789062500000000e+02
1.505468750000000000e+02
1.214257812500000000e+02
1.632343750000000000e+02
1.226679687500000000e+02
1.677656250000000000e+02
1.251523437500000000e+02
1.623281250000000000e+02
1.301210937500000000e+02
1.505468750000000000e+02
1.313632812500000000e+02
9.798437500000000000e+01
1.636601562500000000e+02
1.106718750000000000e+02
1.661445312500000000e+02
1.233593750000000000e+02
1.673867187500000000e+02
1.260781250000000000e+02
1.686289062500000000e+02
1.297031250000000000e+02
1.686289062500000000e+02
1.378593750000000000e+02
1.698710937500000000e+02
1.460156250000000000e+02
1.711132812500000000e+02
1.396718750000000000e+02
1.785664062500000000e+02
1.315156250000000000e+02
1.847773437500000000e+02
1.233593750000000000e+02
1.860195312500000000e+02
1.133906250000000000e+02
1.822929687500000000e+02
1.052343750000000000e+02
1.748398437500000000e+02
9.979687500000000000e+01
1.649023437500000000e+02
1.124843750000000000e+02
1.698710937500000000e+02
1.260781250000000000e+02
1.723554687500000000e+02
1.351406250000000000e+02
1.723554687500000000e+02
1.442031250000000000e+02
1.711132812500000000e+02
1.342343750000000000e+02
1.773242187500000000e+02
1.242656250000000000e+02
1.798085937500000000e+02
1.106718750000000000e+02
1.748398437500000000e+02
