6.281640625000000000e+01
1.210859375000000000e+02
6.495703125000000000e+01
1.387578125000000000e+02
6.709765625000000000e+01
1.564296875000000000e+02
7.244921875000000000e+01
1.741015625000000000e+02
7.887109375000000000e+01
1.890546875000000000e+02
8.850390625000000000e+01
2.026484375000000000e+02
1.002773437500000000e+02
2.108046875000000000e+02
1.131210937500000000e+02
2.162421875000000000e+02
1.270351562500000000e+02
2.176015625000000000e+02
1.420195312500000000e+02
2.176015625000000000e+02
1.559335937500000000e+02
2.121640625000000000e+02
1.687773437500000000e+02
2.040078125000000000e+02
1.784101562500000000e+02
1.917734375000000000e+02
1.859023437500000000e+02
1.768203125000000000e+02
1.901835937500000000e+02
1.591484375000000000e+02
1.912539062500000000e+02
1.414765625000000000e+02
1.912539062500000000e+02
1.238046875000000000e+02
7.244921875000000000e+01
1.074921875000000000e+02
8.208203125000000000e+01
1.034140625000000000e+02
9.278515625000000000e+01
1.027343750000000000e+02
1.029531250000000000e+02
1.040937500000000000e+02
1.141914062500000000e+02
1.054531250000000000e+02
1.441601562500000000e+02
1.054531250000000000e+02
1.548632812500000000e+02
1.034140625000000000e+02
1.650312500000000000e+02
1.020546875000000000e+02
1.751992187500000000e+02
1.034140625000000000e+02
1.848320312500000000e+02
1.061328125000000000e+02
1.281054687500000000e+02
1.210859375000000000e+02
1.281054687500000000e+02
1.319609375000000000e+02
1.281054687500000000e+02
1.441953125000000000e+02
1.281054687500000000e+02
1.550703125000000000e+02
1.141914062500000000e+02
1.605078125000000000e+02
1.206132812500000000e+02
1.632265625000000000e+02
1.281054687500000000e+02
1.645859375000000000e+02
1.355976562500000000e+02
1.618671875000000000e+02
1.430898437500000000e+02
1.605078125000000000e+02
8.315234375000000000e+01
1.224453125000000000e+02
8.957421875000000000e+01
1.183671875000000000e+02
1.034882812500000000e+02
1.170078125000000000e+02
1.099101562500000000e+02
1.224453125000000000e+02
1.034882812500000000e+02
1.265234375000000000e+02
8.957421875000000000e+01
1.265234375000000000e+02
1.452304687500000000e+02
1.224453125000000000e+02
1.527226562500000000e+02
1.156484375000000000e+02
1.677070312500000000e+02
1.170078125000000000e+02
1.741289062500000000e+02
1.210859375000000000e+02
1.677070312500000000e+02
1.251640625000000000e+02
1.527226562500000000e+02
1.265234375000000000e+02
1.034882812500000000e+02
1.781796875000000000e+02
1.131210937500000000e+02
1.781796875000000000e+02
1.238242187500000000e+02
1.768203125000000000e+02
1.270351562500000000e+02
1.781796875000000000e+02
1.313164062500000000e+02
1.781796875000000000e+02
1.420195312500000000e+02
1.781796875000000000e+02
1.516523437500000000e+02
1.781796875000000000e+02
1.441601562500000000e+02
1.849765625000000000e+02
1.355976562500000000e+02
1.890546875000000000e+02
1.270351562500000000e+02
1.904140625000000000e+02
1.184726562500000000e+02
1.890546875000000000e+02
1.109804687500000000e+02
1.849765625000000000e+02
1.056289062500000000e+02
1.795390625000000000e+02
1.163320312500000000e+02
1.822578125000000000e+02
1.270351562500000000e+02
1.822578125000000000e+02
1.388085937500000000e+02
1.822578125000000000e+02
1.495117187500000000e+02
1.795390625000000000e+02
1.388085937500000000e+02
1.822578125000000000e+02
1.270351562500000000e+02
1.822578125000000000e+02
1.163320312500000000e+02
1.822578125000000000e+02
