-0.4289  	-0.2916  	-0.2034  	-0.4225  	0.12674  	-0.6664  	-0.1531  	0.46027  	0.27804  	0.19710  	0.76768  	0.29277  	-0.1593  	-0.5270  	-0.3903  	-0.4326  	0.60516  	0.37156  	0.57920  	0.25511  	0.02648  	0.72306  	0.62156  	0.33335  	0.30936  	0.17127  	0.19447  	-0.5531  	0.17342  	-0.0335  	0.03354  	-0.1307  	0.11258  	-0.0196  	-0.1072  	-0.2268  	-0.0632  	-0.1047  	0.08086  	0.11980  	-0.0825  	0.05334  	-0.0170  	0.19176  	0.07026  	-0.0288  	-0.0011  	0.08119  	0.03880  	-0.1435  	-0.0923  	-0.0480  	-0.0243  	-0.0258  	-0.0286  	0.02461  	-0.0029  	0.00839  	0.00824  	0.00176  	-0.0121  	0.04092  	0.01733  	0.02550  	0.16115  	-0.0244  	0.00460  	0.00695  	-0.0231  	1.15814  	1.11899  	128.088  	110.912  	
-0.4859  	-0.3154  	-0.2734  	-0.4517  	0.12281  	-0.6853  	-0.1446  	0.43059  	0.26832  	0.21260  	0.76792  	0.28246  	-0.1832  	-0.5854  	-0.4478  	-0.4330  	0.61347  	0.37205  	0.59349  	0.25523  	-0.0007  	0.71267  	0.61029  	0.31292  	0.33147  	0.17714  	0.18581  	-0.5299  	0.18421  	-0.0339  	0.04324  	-0.1392  	0.09752  	-0.0224  	-0.1301  	-0.2103  	-0.0854  	-0.1197  	0.09616  	0.11570  	-0.0822  	0.05469  	-0.0221  	0.19190  	0.07395  	-0.0299  	-0.0015  	0.08498  	0.03621  	-0.1396  	-0.0887  	-0.0486  	-0.0234  	-0.0287  	-0.0274  	0.02806  	0.00072  	0.01020  	0.00734  	-6.5870  	-0.0115  	0.03362  	0.01686  	0.02667  	0.16115  	-0.0244  	0.00460  	0.00695  	-0.0231  	1.15814  	1.11899  	128.088  	110.912  	
-0.5068  	-0.3202  	-0.3005  	-0.4545  	0.13788  	-0.6997  	-0.1512  	0.42864  	0.26663  	0.20498  	0.76006  	0.28758  	-0.1793  	-0.5940  	-0.4642  	-0.4304  	0.61084  	0.38452  	0.60035  	0.26547  	-0.0130  	0.70568  	0.59301  	0.31111  	0.32718  	0.17777  	0.17689  	-0.5084  	0.18922  	-0.0356  	0.04744  	-0.1463  	0.10268  	-0.0236  	-0.1404  	-0.2025  	-0.1035  	-0.1307  	0.11019  	0.12220  	-0.0856  	0.04904  	-0.0248  	0.19296  	0.07281  	-0.0313  	-0.0022  	0.08577  	0.03253  	-0.1401  	-0.0885  	-0.0494  	-0.0238  	-0.0315  	-0.0275  	0.02833  	0.00023  	0.00968  	0.00670  	-0.0007  	-0.0120  	0.03301  	0.01720  	0.02804  	0.16115  	-0.0244  	0.00460  	0.00695  	-0.0231  	1.15814  	1.11899  	128.088  	110.912  	
-0.4775  	-0.3118  	-0.3144  	-0.3858  	0.19805  	-0.6808  	-0.1716  	0.46202  	0.26224  	0.17752  	0.75648  	0.32945  	-0.1564  	-0.5584  	-0.4423  	-0.4319  	0.59516  	0.41831  	0.60100  	0.30936  	-0.0171  	0.69895  	0.56655  	0.31499  	0.29803  	0.17943  	0.15983  	-0.4829  	0.19936  	-0.0344  	0.05038  	-0.1575  	0.12537  	-0.0209  	-0.1240  	-0.2037  	-0.1315  	-0.1495  	0.12551  	0.13133  	-0.1021  	0.04516  	-0.0398  	0.19654  	0.07016  	-0.0286  	-0.0048  	0.08523  	0.03069  	-0.1434  	-0.0839  	-0.0524  	-0.0235  	-0.0397  	-0.0323  	0.03171  	0.00502  	0.00934  	0.00722  	-3.6545  	-0.0107  	0.03261  	0.01519  	0.02553  	0.16115  	-0.0244  	0.00460  	0.00695  	-0.0231  	1.15814  	1.11899  	128.088  	110.912  	
-0.3693  	-0.2757  	-0.2778  	-0.1952  	0.32719  	-0.5935  	-0.1192  	0.53186  	0.29531  	0.13826  	0.77300  	0.42296  	-0.1383  	-0.4503  	-0.3089  	-0.4104  	0.58089  	0.41939  	0.58125  	0.35099  	0.03121  	0.68642  	0.50086  	0.34510  	0.27616  	0.18139  	0.15400  	-0.4441  	0.20600  	-0.0339  	0.04183  	-0.1621  	0.16689  	-0.0139  	-0.0552  	-0.2329  	-0.1413  	-0.1660  	0.12236  	0.14278  	-0.1190  	0.06668  	-0.0447  	0.18720  	0.07396  	-0.0252  	-0.0029  	0.08352  	0.04139  	-0.1439  	-0.0718  	-0.0552  	-0.0222  	-0.0389  	-0.0328  	0.03760  	0.01246  	0.00854  	0.01027  	0.00381  	-0.0135  	0.03098  	0.00936  	0.02331  	0.16115  	-0.0244  	0.00460  	0.00695  	-0.0231  	1.15814  	1.11899  	128.088  	110.912  	
-0.1316  	-0.2485  	-0.1940  	0.07585  	0.47845  	-0.4597  	-0.1048  	0.59105  	0.30727  	0.16944  	0.61666  	0.51298  	-0.0073  	-0.2434  	-0.0737  	-0.3313  	0.54971  	0.41768  	0.57240  	0.38931  	-0.0012  	0.70533  	0.41076  	0.40442  	0.39638  	0.13838  	0.13448  	-0.4462  	0.25372  	0.01646  	-0.0047  	-0.1593  	0.14473  	-0.0148  	-0.0062  	-0.2567  	-0.1879  	-0.1811  	0.12928  	0.19265  	-0.1592  	0.08519  	-0.0604  	0.16292  	0.06995  	-0.0212  	-0.0030  	0.09838  	0.04907  	-0.1569  	-0.0811  	-0.0552  	-0.0302  	-0.0418  	-0.0308  	0.02920  	0.00930  	0.00371  	0.00979  	0.00231  	-0.0204  	0.02759  	0.00131  	0.01777  	0.16115  	-0.0244  	0.00460  	0.00695  	-0.0231  	1.15814  	1.11899  	128.088  	110.912  	
-0.0487  	-0.1855  	-0.1361  	0.18724  	0.52175  	-0.4464  	-0.0957  	0.59640  	0.32364  	0.12553  	0.43277  	0.43675  	0.03833  	-0.0925  	0.03078  	-0.3378  	0.53996  	0.40324  	0.54416  	0.41587  	-0.0243  	0.70973  	0.32738  	0.36977  	0.49225  	0.10413  	0.20401  	-0.3957  	0.34146  	0.07713  	-0.0220  	-0.1534  	0.14410  	3.86536  	0.00070  	-0.2572  	-0.1707  	-0.1949  	0.14549  	0.19904  	-0.1833  	0.07089  	-0.0679  	0.16837  	0.08083  	-0.0285  	-0.0156  	0.09941  	0.05111  	-0.1472  	-0.0610  	-0.0578  	-0.0343  	-0.0363  	-0.0267  	0.04741  	0.00598  	0.00303  	0.00970  	0.01064  	-0.0163  	0.04148  	0.00509  	0.01781  	0.16115  	-0.0244  	0.00460  	0.00695  	-0.0231  	1.15814  	1.11899  	128.088  	110.912  	
0.01433  	-0.1241  	-0.2114  	0.45618  	0.66974  	-0.3957  	-0.0698  	0.64275  	0.35531  	0.06064  	0.35340  	0.40832  	0.08991  	0.16593  	0.24145  	-0.4204  	0.54557  	0.33367  	0.55244  	0.37889  	-0.0233  	0.75443  	0.27126  	0.43033  	0.57208  	0.08517  	0.25293  	-0.4361  	0.36147  	0.13994  	-0.0812  	-0.1671  	0.11802  	0.01288  	0.06213  	-0.2427  	-0.1978  	-0.1825  	0.17059  	0.24825  	-0.2380  	0.09972  	-0.0897  	0.16059  	0.08126  	-0.0255  	-0.0194  	0.09401  	0.04933  	-0.1564  	-0.0738  	-0.0564  	-0.0333  	-0.0353  	-0.0364  	0.04102  	0.00876  	0.01103  	0.00641  	0.00272  	-0.0172  	0.03513  	0.00902  	0.01379  	0.16115  	-0.0244  	0.00460  	0.00695  	-0.0231  	1.15814  	1.11899  	128.088  	110.912  	
0.01612  	-0.1123  	-0.2515  	0.65468  	0.76362  	-0.3763  	-0.0773  	0.63578  	0.34536  	0.01074  	0.28014  	0.40923  	0.11098  	0.22478  	0.35884  	-0.4862  	0.56524  	0.27197  	0.53460  	0.35701  	-0.0558  	0.77739  	0.30169  	0.44692  	0.61329  	0.09300  	0.35321  	-0.4586  	0.35040  	0.17631  	-0.1150  	-0.1547  	0.13275  	0.02924  	0.13150  	-0.2565  	-0.2024  	-0.1818  	0.14531  	0.23551  	-0.3060  	0.11419  	-0.0903  	0.15975  	0.08174  	-0.0240  	-0.0181  	0.09937  	0.05130  	-0.1495  	-0.0681  	-0.0561  	-0.0320  	-0.0293  	-0.0393  	0.05085  	0.00910  	0.00270  	0.01129  	0.00360  	-0.0214  	0.03779  	0.00575  	0.00390  	0.16115  	-0.0244  	0.00460  	0.00695  	-0.0231  	1.15814  	1.11899  	128.088  	110.912  	
-0.0238  	-0.1505  	-0.2368  	0.56125  	0.69026  	-0.4112  	-0.1038  	0.57938  	0.31162  	0.05002  	0.22862  	0.44429  	0.11036  	0.11338  	0.28663  	-0.4253  	0.56491  	0.33081  	0.53648  	0.35534  	-0.0626  	0.81171  	0.36254  	0.41286  	0.56802  	0.10871  	0.28948  	-0.4442  	0.36501  	0.15890  	-0.0838  	-0.1598  	0.14739  	0.04375  	0.05677  	-0.2611  	-0.2299  	-0.1811  	0.15620  	0.21329  	-0.2675  	0.09195  	-0.0681  	0.16880  	0.07833  	-0.0263  	-0.0123  	0.10958  	0.05789  	-0.1610  	-0.0743  	-0.0550  	-0.0268  	-0.0300  	-0.0355  	0.04851  	0.00074  	0.00248  	0.00877  	0.00118  	-0.0154  	0.03039  	0.01215  	0.00894  	0.16115  	-0.0244  	0.00460  	0.00695  	-0.0231  	1.15814  	1.11899  	128.088  	110.912  	
-0.0808  	-0.1678  	-0.1804  	0.17696  	0.54766  	-0.5237  	-0.1454  	0.57305  	0.29659  	0.10475  	0.39742  	0.47010  	0.12352  	-0.1944  	0.02629  	-0.4250  	0.64987  	0.21065  	0.63376  	0.06375  	0.03090  	0.54468  	0.16515  	0.38261  	0.38783  	0.25814  	0.25358  	-0.5545  	0.37710  	0.07109  	0.07371  	-0.2137  	0.04819  	-0.1272  	-0.0714  	-0.2724  	-0.2695  	-0.1797  	0.02328  	0.09966  	-0.1376  	0.21424  	-0.1622  	0.25760  	0.01086  	-0.0075  	-0.0310  	0.14589  	0.04215  	-0.1695  	-0.0848  	-0.0541  	-0.0244  	-0.0091  	-0.0261  	0.04308  	-0.0019  	-0.0105  	0.01642  	0.00600  	-0.0144  	0.02361  	-0.0129  	0.01628  	0.16115  	-0.0244  	0.00460  	0.00695  	-0.0231  	1.15814  	1.11899  	128.088  	110.912  	
-0.2244  	-0.2215  	-0.0829  	-0.3032  	0.28432  	-0.5990  	-0.1520  	0.59546  	0.26489  	0.11825  	0.62606  	0.35490  	0.00105  	-0.5350  	-0.1830  	-0.5085  	0.76158  	0.15086  	0.72506  	-0.1522  	0.15743  	0.28658  	0.07622  	0.38561  	0.26302  	0.31653  	0.24060  	-0.7127  	0.33353  	-0.0464  	0.23434  	-0.2173  	-0.0337  	-0.3116  	-0.2014  	-0.2908  	-0.2542  	-0.1379  	-0.1378  	0.01333  	-0.0138  	0.29462  	-0.2325  	0.33730  	-0.0301  	0.01178  	-0.0474  	0.12781  	0.02665  	-0.1671  	-0.0649  	-0.0468  	-0.0247  	0.00078  	-0.0171  	0.03681  	-0.0006  	-0.0186  	0.01588  	0.02285  	-0.0045  	0.02248  	-0.0186  	0.01996  	0.16115  	-0.0244  	0.00460  	0.00695  	-0.0231  	1.15814  	1.11899  	128.088  	110.912  	
-0.1034  	-0.1707  	0.02926  	-0.1740  	0.16536  	-0.4704  	-0.1967  	0.67351  	0.27283  	0.07313  	0.68253  	0.31950  	0.02358  	-0.4582  	0.02903  	-0.5764  	0.83068  	-0.0285  	0.72741  	-0.2992  	0.35491  	0.31435  	0.13690  	0.43178  	0.21089  	0.34252  	0.31158  	-0.9664  	0.21874  	-0.0614  	0.25867  	-0.2180  	-0.0578  	-0.3498  	-0.1337  	-0.3600  	-0.1242  	-0.0855  	-0.2014  	-0.0503  	0.03623  	0.31205  	-0.2642  	0.35517  	-0.0462  	0.01782  	-0.0609  	0.13033  	0.00357  	-0.1778  	-0.0846  	-0.0367  	-0.0209  	0.00649  	-0.0200  	0.03746  	-0.0073  	-0.0116  	0.00717  	0.01766  	-0.0017  	0.03211  	-0.0107  	0.01833  	0.16115  	-0.0244  	0.00460  	0.00695  	-0.0231  	1.15814  	1.11899  	128.088  	110.912  	
0.09404  	-0.0794  	0.17375  	-0.1141  	0.18866  	-0.3514  	-0.1756  	0.79920  	0.32732  	0.03358  	0.67150  	0.30719  	0.01847  	-0.2853  	0.08852  	-0.4555  	0.79035  	-0.0086  	0.73677  	-0.2876  	0.47233  	0.33420  	0.19026  	0.44968  	0.23241  	0.30354  	0.37044  	-1.0430  	0.12296  	-0.0838  	0.22564  	-0.1737  	-0.0200  	-0.3344  	-0.0463  	-0.3911  	-0.0530  	-0.0570  	-0.1792  	-0.0543  	-0.0090  	0.27730  	-0.2267  	0.34909  	-0.0428  	0.01029  	-0.0483  	0.14232  	0.02386  	-0.1636  	-0.0800  	-0.0434  	-0.0217  	0.00948  	-0.0186  	0.04745  	-0.0080  	-0.0168  	-0.0023  	0.02460  	-0.0027  	0.04225  	-0.0081  	0.02073  	0.16115  	-0.0244  	0.00460  	0.00695  	-0.0231  	1.15814  	1.11899  	128.088  	110.912  	
-0.0309  	-0.1396  	0.03917  	-0.1776  	0.21548  	-0.4404  	-0.1357  	0.62922  	0.35382  	0.12316  	0.65785  	0.34789  	0.03173  	-0.3537  	-0.1763  	-0.3710  	0.68620  	0.22218  	0.65918  	0.01852  	0.21776  	0.46892  	0.29410  	0.33399  	0.28493  	0.23964  	0.18989  	-0.7080  	0.21298  	-0.0613  	0.14589  	-0.1766  	0.08151  	-0.1770  	-0.0898  	-0.2971  	-0.1539  	-0.0979  	-0.0217  	0.05648  	-0.0292  	0.18318  	-0.1232  	0.26112  	4.42639  	-0.0104  	-0.0219  	0.12123  	0.03200  	-0.1511  	-0.0751  	-0.0494  	-0.0256  	-0.0116  	-0.0218  	0.03880  	-0.0058  	-0.0031  	0.00157  	0.00687  	-0.0045  	0.03580  	0.00091  	0.02638  	0.16115  	-0.0244  	0.00460  	0.00695  	-0.0231  	1.15814  	1.11899  	128.088  	110.912  	
0.02412  	-0.1824  	-0.0322  	-0.1914  	0.25243  	-0.4037  	-0.0818  	0.54554  	0.34344  	0.20500  	0.65552  	0.31705  	-0.0434  	-0.4181  	-0.3570  	-0.2721  	0.54657  	0.38942  	0.61451  	0.35509  	0.09566  	0.70728  	0.45434  	0.35020  	0.45059  	0.09700  	0.28748  	-0.5521  	0.11466  	-0.0112  	-0.0085  	-0.1058  	0.15158  	-0.0132  	0.00269  	-0.2145  	-0.0339  	-0.1142  	0.08654  	0.15826  	-0.1346  	0.05463  	-0.0167  	0.18730  	0.07769  	-0.0298  	-0.0130  	0.10063  	0.05243  	-0.1523  	-0.0633  	-0.0512  	-0.0275  	-0.0324  	-0.0346  	0.04508  	0.00851  	0.00578  	0.00344  	0.00135  	-0.0230  	0.02990  	0.01864  	0.01874  	0.16115  	-0.0244  	0.00460  	0.00695  	-0.0231  	1.15814  	1.11899  	128.088  	110.912  	
0.10627  	-0.1592  	-0.0633  	0.04441  	0.37907  	-0.3887  	-0.0812  	0.53522  	0.31404  	0.20780  	0.64345  	0.33824  	-0.0335  	-0.2957  	-0.2627  	-0.2727  	0.51795  	0.33104  	0.54485  	0.34819  	0.08828  	0.78385  	0.39596  	0.42383  	0.56095  	0.07561  	0.35081  	-0.5911  	0.13487  	0.05057  	-0.0363  	-0.1010  	0.12035  	-0.0055  	0.05205  	-0.2028  	-0.0450  	-0.1390  	0.11572  	0.17964  	-0.2022  	0.07958  	-0.0095  	0.18793  	0.07862  	-0.0325  	-0.0295  	0.11573  	0.06865  	-0.1493  	-0.0574  	-0.0550  	-0.0303  	-0.0271  	-0.0277  	0.05022  	0.01153  	0.00267  	0.00490  	0.00465  	-0.0283  	0.02042  	0.02474  	0.02329  	0.16115  	-0.0244  	0.00460  	0.00695  	-0.0231  	1.15814  	1.11899  	128.088  	110.912  	
0.04688  	-0.1294  	-0.1935  	0.40134  	0.59533  	-0.4065  	-0.0524  	0.56107  	0.31798  	0.11845  	0.39470  	0.35888  	0.02447  	-0.0195  	0.16634  	-0.3979  	0.57678  	0.27545  	0.58410  	0.30205  	0.00226  	0.80187  	0.34745  	0.42700  	0.62159  	0.08832  	0.35745  	-0.4653  	0.32962  	0.12126  	-0.0853  	-0.1321  	0.11198  	0.01365  	0.08945  	-0.2103  	-0.1520  	-0.1843  	0.12012  	0.20370  	-0.2635  	0.10261  	-0.0955  	0.17169  	0.07615  	-0.0262  	-0.0244  	0.10579  	0.05904  	-0.1642  	-0.0631  	-0.0546  	-0.0307  	-0.0374  	-0.0340  	0.04681  	0.01129  	0.01119  	0.01648  	-0.0011  	-0.0169  	0.02964  	0.01127  	0.02212  	0.16115  	-0.0244  	0.00460  	0.00695  	-0.0231  	1.15814  	1.11899  	128.088  	110.912  	
0.10133  	-0.1211  	-0.2204  	0.59971  	0.67424  	-0.3091  	-0.0909  	0.60344  	0.33604  	0.01012  	0.24211  	0.32748  	0.08258  	0.10316  	0.35326  	-0.4821  	0.56850  	0.27197  	0.56672  	0.27803  	-0.0329  	0.80998  	0.36082  	0.41543  	0.63744  	0.07787  	0.33002  	-0.4770  	0.40234  	0.17974  	-0.0995  	-0.1537  	0.10746  	0.01316  	0.09673  	-0.2326  	-0.2040  	-0.1818  	0.14773  	0.23362  	-0.2853  	0.09825  	-0.0943  	0.18463  	0.08598  	-0.0337  	-0.0211  	0.09400  	0.05342  	-0.1648  	-0.0741  	-0.0606  	-0.0283  	-0.0395  	-0.0351  	0.04731  	0.00955  	0.00497  	0.00405  	0.00878  	-0.0141  	0.02707  	0.00310  	0.02435  	0.16115  	-0.0244  	0.00460  	0.00695  	-0.0231  	1.15814  	1.11899  	128.088  	110.912  	
0.06937  	-0.1371  	-0.1996  	0.48240  	0.61390  	-0.3426  	-0.1026  	0.58905  	0.31974  	0.01075  	0.22732  	0.33278  	0.06764  	0.01805  	0.29802  	-0.5044  	0.58006  	0.25181  	0.54474  	0.24481  	-0.0399  	0.85947  	0.42587  	0.44375  	0.57497  	0.09391  	0.36659  	-0.5053  	0.35592  	0.16425  	-0.1022  	-0.1441  	0.13205  	0.00964  	0.09204  	-0.2548  	-0.1852  	-0.1777  	0.14098  	0.21873  	-0.2780  	0.11243  	-0.0957  	0.18596  	0.08138  	-0.0316  	-0.0115  	0.10698  	0.06149  	-0.1546  	-0.0600  	-0.0572  	-0.0243  	-0.0346  	-0.0366  	0.05018  	0.01046  	0.00571  	0.01470  	0.00167  	-0.0135  	0.03211  	0.00232  	0.02039  	0.16115  	-0.0244  	0.00460  	0.00695  	-0.0231  	1.15814  	1.11899  	128.088  	110.912  	
0.02253  	-0.1591  	-0.1152  	0.24936  	0.46974  	-0.2690  	-0.0931  	0.59030  	0.35488  	0.06759  	0.26358  	0.31873  	0.05529  	-0.1848  	0.06554  	-0.3211  	0.59332  	0.37969  	0.55984  	0.29727  	0.00821  	0.82516  	0.47419  	0.38527  	0.46655  	0.12243  	0.24421  	-0.4678  	0.32110  	0.08367  	-0.0563  	-0.1587  	0.13784  	0.00665  	-0.0376  	-0.2629  	-0.1849  	-0.1668  	0.15843  	0.18884  	-0.1992  	0.07951  	-0.0315  	0.17466  	0.06648  	-0.0289  	-0.0133  	0.11561  	0.06601  	-0.1554  	-0.0762  	-0.0537  	-0.0337  	-0.0327  	-0.0312  	0.03447  	0.00523  	0.00384  	0.00987  	-0.0067  	-0.0188  	0.03468  	0.02072  	0.02224  	0.16115  	-0.0244  	0.00460  	0.00695  	-0.0231  	1.15814  	1.11899  	128.088  	110.912  	
0.07258  	-0.1970  	-0.0091  	0.06750  	0.40626  	-0.3025  	-0.0824  	0.57741  	0.33950  	0.11510  	0.44091  	0.29959  	0.00074  	-0.2759  	-0.1092  	-0.2870  	0.56331  	0.35491  	0.58077  	0.28995  	0.04852  	0.75272  	0.48005  	0.42774  	0.46237  	0.10143  	0.33168  	-0.5771  	0.20581  	0.04654  	-0.0230  	-0.1092  	0.12616  	0.00280  	0.02161  	-0.2582  	-0.0906  	-0.1231  	0.11628  	0.19454  	-0.1918  	0.06410  	-0.0125  	0.18415  	0.05422  	-0.0228  	-0.0217  	0.11700  	0.05033  	-0.1609  	-0.0613  	-0.0539  	-0.0260  	-0.0322  	-0.0318  	0.04029  	0.00309  	0.00223  	0.01326  	0.00284  	-0.0164  	0.03204  	0.01898  	0.02255  	0.16115  	-0.0244  	0.00460  	0.00695  	-0.0231  	1.15814  	1.11899  	128.088  	110.912  	
0.05738  	-0.1802  	-0.0264  	0.12807  	0.37958  	-0.3161  	-0.1237  	0.59132  	0.31211  	0.11429  	0.46006  	0.33460  	0.00315  	-0.1637  	0.10365  	-0.4290  	0.58231  	0.24094  	0.59850  	0.21021  	0.19168  	0.84094  	0.56983  	0.49976  	0.39174  	0.09873  	0.46563  	-0.7805  	0.03997  	0.05621  	-0.0289  	-0.1038  	0.14104  	-0.0259  	0.09856  	-0.3016  	0.00530  	-0.1384  	0.05476  	0.18875  	-0.2364  	0.10375  	-0.0730  	0.19608  	0.07088  	-0.0307  	-0.0164  	0.10368  	0.05607  	-0.1476  	-0.0829  	-0.0575  	-0.0304  	-0.0266  	-0.0342  	0.04924  	-0.0026  	0.00333  	0.00372  	0.00435  	-0.0135  	0.03436  	0.00726  	0.01696  	0.16115  	-0.0244  	0.00460  	0.00695  	-0.0231  	1.15814  	1.11899  	128.088  	110.912  	
0.25361  	-0.1069  	0.08420  	0.14551  	0.36570  	-0.2083  	-0.0636  	0.63988  	0.35205  	0.14606  	0.29891  	0.22649  	0.07926  	0.02518  	0.21985  	-0.4532  	0.61663  	0.28756  	0.56329  	0.19007  	0.16098  	0.82251  	0.59029  	0.43364  	0.46956  	0.09636  	0.39184  	-0.7585  	0.18636  	0.07281  	-0.0277  	-0.1370  	0.12031  	-0.0213  	0.03958  	-0.3016  	-0.0625  	-0.1523  	0.12846  	0.20299  	-0.2032  	0.08642  	-0.0388  	0.20044  	0.05659  	-0.0165  	-0.0228  	0.11943  	0.06784  	-0.1462  	-0.0749  	-0.0531  	-0.0302  	-0.0312  	-0.0340  	0.05487  	-0.0100  	0.00422  	0.00346  	0.00662  	-0.0188  	0.04503  	0.00584  	0.00726  	0.16115  	-0.0244  	0.00460  	0.00695  	-0.0231  	1.15814  	1.11899  	128.088  	110.912  	
0.29950  	-0.0823  	0.15847  	0.01956  	0.36670  	-0.2319  	-0.0395  	0.65964  	0.36613  	0.21592  	0.25485  	0.11532  	0.11789  	0.07124  	0.16245  	-0.4767  	0.60336  	0.30084  	0.57759  	0.07525  	0.11230  	0.88707  	0.62936  	0.37359  	0.56011  	0.08107  	0.44350  	-0.8001  	0.23666  	0.09573  	0.02329  	-0.1292  	0.12301  	-0.0119  	-0.0299  	-0.2760  	-0.0641  	-0.1328  	0.13155  	0.19042  	-0.1914  	0.06627  	-0.0002  	0.20447  	0.04309  	-0.0236  	-0.0348  	0.14449  	0.08049  	-0.1566  	-0.0785  	-0.0538  	-0.0244  	-0.0338  	-0.0302  	0.05516  	-0.0090  	0.00336  	0.00146  	0.01495  	-0.0122  	0.03552  	0.01262  	0.01075  	0.16115  	-0.0244  	0.00460  	0.00695  	-0.0231  	1.15814  	1.11899  	128.088  	110.912  	
-0.0686  	-0.1450  	-0.0774  	-0.0308  	0.26097  	-0.4618  	-0.0669  	0.60617  	0.33476  	0.18564  	0.48023  	0.20913  	0.03104  	0.00929  	0.07849  	-0.5062  	0.57849  	0.29832  	0.53776  	0.19807  	0.17885  	0.82609  	0.55916  	0.51530  	0.46977  	0.10961  	0.42260  	-0.7995  	0.07495  	0.04626  	0.03851  	-0.1329  	0.14183  	-0.0347  	0.09376  	-0.3256  	-0.0003  	-0.1521  	0.05267  	0.18748  	-0.2099  	0.08428  	-0.0647  	0.19084  	0.05992  	-0.0234  	-0.0168  	0.09621  	0.04198  	-0.1506  	-0.0766  	-0.0546  	-0.0351  	-0.0430  	-0.0397  	0.04668  	-0.0008  	0.00451  	0.00402  	0.01094  	-0.0157  	0.05425  	0.00503  	0.01686  	0.16115  	-0.0244  	0.00460  	0.00695  	-0.0231  	1.15814  	1.11899  	128.088  	110.912  	
-0.4112  	-0.2729  	-0.2077  	-0.4202  	0.15320  	-0.7015  	-0.1066  	0.48219  	0.29410  	0.22690  	0.80244  	0.29642  	-0.1038  	-0.4171  	-0.3181  	-0.4783  	0.57742  	0.38522  	0.59255  	0.31954  	0.16959  	0.68171  	0.58730  	0.43504  	0.34254  	0.13854  	0.24271  	-0.6661  	0.03344  	-0.0532  	0.04604  	-0.1448  	0.14342  	-0.0066  	0.01581  	-0.2829  	0.01400  	-0.1092  	0.04695  	0.13621  	-0.1563  	0.05395  	-0.0528  	0.18051  	0.06311  	-0.0249  	1.16545  	0.09019  	0.03796  	-0.1460  	-0.0876  	-0.0593  	-0.0329  	-0.0248  	-0.0332  	0.03345  	0.00732  	0.00188  	-0.0039  	0.01441  	-0.0111  	0.04456  	0.01610  	0.02606  	0.16115  	-0.0244  	0.00460  	0.00695  	-0.0231  	1.15814  	1.11899  	128.088  	110.912  	
-0.5014  	-0.3110  	-0.2002  	-0.6184  	0.02923  	-0.6150  	-0.1368  	0.42500  	0.23252  	0.17299  	0.82762  	0.15873  	-0.1984  	-0.6466  	-0.4921  	-0.4637  	0.64954  	0.40845  	0.61532  	0.27302  	0.08535  	0.69127  	0.67614  	0.36198  	0.40157  	0.15454  	0.24323  	-0.6213  	0.14749  	-0.0415  	0.03843  	-0.1287  	0.10259  	-0.0398  	-0.1110  	-0.2258  	-0.0092  	-0.0900  	0.07387  	0.11105  	-0.0975  	0.03844  	-0.0343  	0.19543  	0.07487  	-0.0331  	0.00309  	0.07162  	0.01795  	-0.1440  	-0.0927  	-0.0499  	-0.0266  	-0.0287  	-0.0288  	0.03205  	0.00451  	0.00768  	-0.0033  	0.00211  	-0.0110  	0.03313  	0.02425  	0.02526  	0.16115  	-0.0244  	0.00460  	0.00695  	-0.0231  	1.15814  	1.11899  	128.088  	110.912  	
-0.3730  	-0.2898  	-0.1875  	-0.4076  	0.10189  	-0.5480  	-0.1374  	0.48785  	0.28629  	0.13154  	0.71695  	0.27974  	-0.1448  	-0.5267  	-0.3190  	-0.4425  	0.64070  	0.36306  	0.60172  	0.24437  	0.10155  	0.75480  	0.66301  	0.37995  	0.36237  	0.16521  	0.27629  	-0.6532  	0.12542  	-0.0201  	0.04483  	-0.1212  	0.11059  	-0.0381  	-0.0959  	-0.2567  	-0.0220  	-0.1013  	0.05859  	0.12748  	-0.1008  	0.05614  	-0.0232  	0.20251  	0.07267  	-0.0277  	-0.0017  	0.07867  	0.03200  	-0.1479  	-0.0999  	-0.0511  	-0.0297  	-0.0261  	-0.0234  	0.03092  	0.00235  	0.00609  	-0.0012  	-0.0002  	-0.0139  	0.03492  	0.01791  	0.02570  	0.16115  	-0.0244  	0.00460  	0.00695  	-0.0231  	1.15814  	1.11899  	128.088  	110.912  	
-0.1529  	-0.2193  	-0.1439  	-0.0826  	0.26945  	-0.4266  	-0.1631  	0.53830  	0.33955  	0.12828  	0.50666  	0.38012  	-0.0318  	-0.3957  	-0.1697  	-0.3992  	0.62494  	0.38689  	0.58758  	0.34281  	0.02038  	0.72237  	0.55342  	0.28226  	0.35844  	0.16844  	0.11732  	-0.4797  	0.23456  	-0.0172  	0.03836  	-0.1335  	0.14851  	0.00260  	-0.1220  	-0.2753  	-0.1461  	-0.1378  	0.13221  	0.16292  	-0.0894  	0.02568  	-0.0118  	0.20099  	0.05714  	-0.0336  	-0.0037  	0.10378  	0.04619  	-0.1343  	-0.0753  	-0.0534  	-0.0307  	-0.0316  	-0.0309  	0.03113  	0.00189  	0.01063  	0.00359  	-0.0009  	-0.0108  	0.03913  	0.02287  	0.02156  	0.16115  	-0.0244  	0.00460  	0.00695  	-0.0231  	1.15814  	1.11899  	128.088  	110.912  	
-0.0457  	-0.1806  	-0.1369  	0.30332  	0.43361  	-0.3051  	-0.1578  	0.57291  	0.34574  	0.13346  	0.42162  	0.41237  	-0.0118  	-0.2389  	-0.0016  	-0.3311  	0.56645  	0.37987  	0.62327  	0.33807  	-0.0312  	0.76521  	0.43078  	0.38451  	0.46899  	0.13367  	0.20971  	-0.4414  	0.29323  	0.06857  	0.00471  	-0.1375  	0.13972  	-0.0032  	-0.0306  	-0.2710  	-0.1488  	-0.1499  	0.14898  	0.21358  	-0.1785  	0.05240  	-0.0541  	0.19211  	0.06243  	-0.0278  	-0.0218  	0.10631  	0.05074  	-0.1417  	-0.0669  	-0.0557  	-0.0366  	-0.0273  	-0.0224  	0.02905  	0.00450  	0.01022  	0.00598  	0.00841  	-0.0255  	0.03529  	0.02415  	0.02130  	0.16115  	-0.0244  	0.00460  	0.00695  	-0.0231  	1.15814  	1.11899  	128.088  	110.912  	
0.04514  	-0.1516  	-0.1131  	0.33877  	0.51647  	-0.3595  	-0.1102  	0.57886  	0.32493  	0.14904  	0.38314  	0.39240  	-0.0028  	-0.1217  	0.09284  	-0.3867  	0.55242  	0.33040  	0.59106  	0.29196  	0.02858  	0.82714  	0.42157  	0.40397  	0.52199  	0.11126  	0.31048  	-0.5183  	0.28738  	0.09295  	-0.0474  	-0.1327  	0.13213  	-0.0070  	0.01953  	-0.2685  	-0.1254  	-0.1551  	0.13478  	0.18334  	-0.2032  	0.07487  	-0.0491  	0.19652  	0.07236  	-0.0308  	-0.0101  	0.10976  	0.06947  	-0.1624  	-0.0739  	-0.0523  	-0.0314  	-0.0298  	-0.0300  	0.03301  	-0.0016  	0.01076  	0.00549  	0.00262  	-0.0240  	0.03309  	0.02292  	0.01839  	0.16115  	-0.0244  	0.00460  	0.00695  	-0.0231  	1.15814  	1.11899  	128.088  	110.912  	
0.04493  	-0.1532  	-0.1973  	0.43367  	0.62016  	-0.3840  	-0.1088  	0.55100  	0.31804  	0.11912  	0.34319  	0.40182  	0.02230  	-0.0056  	0.18192  	-0.4006  	0.57780  	0.27381  	0.56004  	0.26592  	-0.0276  	0.82112  	0.40886  	0.38917  	0.56245  	0.11813  	0.32846  	-0.4674  	0.31570  	0.14813  	-0.0529  	-0.1414  	0.12398  	0.01026  	0.07759  	-0.2483  	-0.1634  	-0.1903  	0.14035  	0.17618  	-0.2762  	0.10176  	-0.0868  	0.15695  	0.07846  	-0.0211  	-0.0094  	0.10480  	0.05506  	-0.1524  	-0.0642  	-0.0552  	-0.0299  	-0.0398  	-0.0399  	0.04667  	0.01054  	0.00851  	0.01598  	-0.0065  	-0.0175  	0.03265  	0.01099  	0.01462  	0.16115  	-0.0244  	0.00460  	0.00695  	-0.0231  	1.15814  	1.11899  	128.088  	110.912  	
0.04338  	-0.1578  	-0.1653  	0.42824  	0.65626  	-0.3847  	-0.1554  	0.64216  	0.28403  	-0.0341  	0.31904  	0.38283  	0.11875  	-0.0389  	0.32923  	-0.5133  	0.67626  	0.07061  	0.62982  	-0.0139  	0.04238  	0.57291  	0.16599  	0.44916  	0.46391  	0.21919  	0.40693  	-0.5847  	0.30604  	0.11670  	0.04830  	-0.2021  	0.05247  	-0.1749  	0.04774  	-0.3144  	-0.2068  	-0.1833  	-0.0029  	0.10342  	-0.2190  	0.25375  	-0.1820  	0.24052  	0.01725  	-0.0053  	-0.0328  	0.11963  	0.03556  	-0.1600  	-0.0622  	-0.0558  	-0.0338  	-0.0252  	-0.0227  	0.05185  	0.01344  	-0.0084  	0.01733  	0.01587  	-0.0183  	0.02416  	-0.0114  	0.00785  	0.16115  	-0.0244  	0.00460  	0.00695  	-0.0231  	1.15814  	1.11899  	128.088  	110.912  	
0.18402  	-0.0729  	-0.0228  	0.37404  	0.58041  	-0.3120  	-0.1242  	0.73289  	0.24607  	0.03107  	0.24069  	0.25261  	0.21682  	0.05591  	0.44498  	-0.6447  	0.75804  	-0.0124  	0.69810  	-0.3251  	0.16561  	0.44203  	0.00923  	0.42808  	0.43855  	0.25445  	0.43340  	-0.8049  	0.46018  	0.09189  	0.16316  	-0.2263  	-0.0431  	-0.2957  	-0.0782  	-0.3534  	-0.2645  	-0.1586  	-0.0724  	0.06625  	-0.0974  	0.34001  	-0.2717  	0.32571  	-0.0340  	0.01818  	-0.0632  	0.14864  	0.03927  	-0.1761  	-0.0725  	-0.0452  	-0.0331  	-0.0030  	-0.0182  	0.04849  	-0.0029  	-0.0221  	0.01417  	0.02402  	-0.0060  	0.03022  	-0.0289  	0.01287  	0.16115  	-0.0244  	0.00460  	0.00695  	-0.0231  	1.15814  	1.11899  	128.088  	110.912  	
0.11286  	-0.1113  	-0.0549  	0.43390  	0.52248  	-0.4306  	-0.1547  	0.74376  	0.25075  	-0.0206  	0.30116  	0.32121  	0.16471  	0.00295  	0.46460  	-0.6732  	0.79474  	-0.0799  	0.67592  	-0.3168  	0.22591  	0.39678  	-0.0205  	0.44533  	0.44357  	0.27463  	0.41293  	-0.8475  	0.41683  	0.08504  	0.19084  	-0.2424  	-0.0553  	-0.3398  	-0.0694  	-0.3612  	-0.2690  	-0.1672  	-0.1121  	0.05214  	-0.1136  	0.38148  	-0.3130  	0.35057  	-0.0394  	0.01428  	-0.0623  	0.14924  	0.02469  	-0.1739  	-0.0653  	-0.0437  	-0.0356  	0.00278  	-0.0263  	0.03789  	0.00781  	-0.0208  	0.00528  	0.02178  	-0.0173  	0.03551  	-0.0221  	0.01731  	0.16115  	-0.0244  	0.00460  	0.00695  	-0.0231  	1.15814  	1.11899  	128.088  	110.912  	
0.01725  	-0.1381  	-0.1188  	0.45364  	0.59158  	-0.3820  	-0.1943  	0.71299  	0.25336  	-0.0378  	0.30592  	0.41924  	0.12395  	-0.1214  	0.44098  	-0.5739  	0.76660  	-0.0439  	0.69060  	-0.2713  	0.21361  	0.42532  	0.05874  	0.45058  	0.37294  	0.29095  	0.42722  	-0.7596  	0.36219  	0.07641  	0.15260  	-0.2100  	-0.0534  	-0.3021  	-0.0090  	-0.3685  	-0.2460  	-0.1635  	-0.0878  	0.02407  	-0.1334  	0.34013  	-0.2700  	0.33701  	-0.0359  	0.00832  	-0.0553  	0.13586  	0.03003  	-0.1719  	-0.0579  	-0.0444  	-0.0284  	0.00296  	-0.0223  	0.04965  	0.00581  	-0.0139  	0.01521  	0.01619  	-0.0102  	0.03618  	-0.0216  	0.01211  	0.16115  	-0.0244  	0.00460  	0.00695  	-0.0231  	1.15814  	1.11899  	128.088  	110.912  	
0.17794  	-0.0541  	0.10616  	0.11076  	0.32646  	-0.2442  	-0.1278  	0.76962  	0.33495  	0.02282  	0.52656  	0.37619  	0.00449  	-0.1041  	0.16830  	-0.3274  	0.72279  	0.09151  	0.67555  	-0.0495  	0.32036  	0.59898  	0.29059  	0.47604  	0.38299  	0.18241  	0.43749  	-0.8399  	0.13970  	0.01722  	0.05611  	-0.1339  	0.03666  	-0.1719  	0.03552  	-0.3382  	-0.0642  	-0.1069  	-0.0316  	0.05738  	-0.1585  	0.21075  	-0.1548  	0.25616  	0.01904  	0.00550  	-0.0543  	0.15169  	0.05110  	-0.1558  	-0.0744  	-0.0483  	-0.0271  	-0.0169  	-0.0271  	0.05669  	-0.0073  	-0.0100  	0.01124  	0.01539  	-0.0114  	0.03968  	-0.0018  	0.01309  	0.16115  	-0.0244  	0.00460  	0.00695  	-0.0231  	1.15814  	1.11899  	128.088  	110.912  	
0.32372  	-0.0894  	0.26492  	-0.0974  	0.17845  	-0.2795  	-0.0821  	0.72482  	0.40918  	0.11611  	0.71743  	0.37158  	-0.0659  	-0.2000  	-0.1750  	-0.1475  	0.62580  	0.31075  	0.63180  	0.21780  	0.33521  	0.77628  	0.58043  	0.42046  	0.41484  	0.09852  	0.36051  	-0.8884  	-0.0236  	-0.0069  	-0.0120  	-0.0715  	0.17125  	-0.0105  	0.05074  	-0.3366  	0.10398  	-0.0458  	0.06440  	0.10328  	-0.1712  	0.05450  	0.00973  	0.20039  	0.06615  	-0.0222  	-0.0260  	0.13471  	0.06702  	-0.1555  	-0.0861  	-0.0513  	-0.0256  	-0.0253  	-0.0309  	0.04868  	-0.0073  	0.00511  	0.00291  	0.00355  	-0.0195  	0.03210  	0.01832  	0.01274  	0.16115  	-0.0244  	0.00460  	0.00695  	-0.0231  	1.15814  	1.11899  	128.088  	110.912  	
0.22502  	-0.0830  	0.21034  	-0.1708  	0.20122  	-0.3334  	-0.0267  	0.69914  	0.44168  	0.18434  	0.73988  	0.41793  	-0.0670  	-0.0992  	-0.2293  	-0.1419  	0.60069  	0.29076  	0.61066  	0.27392  	0.38085  	0.74101  	0.52878  	0.40467  	0.45018  	0.07849  	0.37382  	-0.8356  	0.02674  	-0.0250  	-0.0467  	-0.0825  	0.17629  	-0.0215  	0.06305  	-0.3087  	0.10562  	-0.0742  	0.09561  	0.15143  	-0.1603  	0.04658  	-0.0138  	0.21522  	0.07650  	-0.0279  	-0.0244  	0.13275  	0.07107  	-0.1468  	-0.0694  	-0.0500  	-0.0272  	-0.0260  	-0.0289  	0.05677  	-0.0058  	0.00607  	0.00179  	0.00738  	-0.0153  	0.03563  	0.02305  	0.02299  	0.16115  	-0.0244  	0.00460  	0.00695  	-0.0231  	1.15814  	1.11899  	128.088  	110.912  	
-0.0784  	-0.2576  	-0.0379  	0.03397  	0.35172  	-0.4536  	-0.0234  	0.58720  	0.32065  	0.22327  	0.71317  	0.46617  	-0.0285  	-0.0793  	-0.1677  	-0.2159  	0.56024  	0.33584  	0.59817  	0.36472  	0.13121  	0.76367  	0.47707  	0.45321  	0.39065  	0.12992  	0.25066  	-0.7245  	0.05339  	0.01965  	0.02154  	-0.1471  	0.18559  	-0.0127  	0.02450  	-0.2708  	0.00437  	-0.1118  	0.06072  	0.11399  	-0.1758  	0.07683  	-0.0263  	0.18847  	0.07435  	-0.0190  	-0.0061  	0.10237  	0.04880  	-0.1545  	-0.0901  	-0.0605  	-0.0360  	-0.0411  	-0.0449  	0.04406  	-0.0025  	-0.0070  	0.00125  	0.01242  	-0.0214  	0.03626  	0.00861  	0.01793  	0.16115  	-0.0244  	0.00460  	0.00695  	-0.0231  	1.15814  	1.11899  	128.088  	110.912  	
-0.5397  	-0.3556  	-0.3223  	-0.3400  	0.27651  	-0.8592  	-0.1330  	0.42720  	0.27149  	0.30564  	0.88089  	0.39443  	-0.1286  	-0.4181  	-0.3728  	-0.4891  	0.57064  	0.43822  	0.58118  	0.44075  	0.11495  	0.63562  	0.48063  	0.44181  	0.30109  	0.15594  	0.13218  	-0.6175  	0.01268  	-0.0773  	0.07361  	-0.1577  	0.16175  	-0.0156  	0.03783  	-0.2601  	-0.0357  	-0.1305  	0.07096  	0.11690  	-0.1903  	0.07524  	-0.0778  	0.15651  	0.07893  	-0.0247  	-0.0056  	0.09014  	0.02406  	-0.1285  	-0.0870  	-0.0548  	-0.0325  	-0.0197  	-0.0333  	0.02827  	0.00507  	-0.0038  	-0.0044  	0.00579  	-0.0194  	0.04386  	0.01584  	0.02987  	0.16115  	-0.0244  	0.00460  	0.00695  	-0.0231  	1.15814  	1.11899  	128.088  	110.912  	
-0.7263  	-0.4106  	-0.3309  	-0.6705  	0.06701  	-0.8668  	-0.1789  	0.48118  	0.27072  	0.30874  	1.07666  	0.27151  	-0.1809  	-0.5582  	-0.5298  	-0.5012  	0.60719  	0.35824  	0.58977  	0.33552  	0.19321  	0.65290  	0.65711  	0.38381  	0.27740  	0.17607  	0.20318  	-0.6486  	0.03574  	-0.0679  	0.06024  	-0.1603  	0.14205  	-0.0360  	-0.0253  	-0.2990  	0.01326  	-0.0957  	0.06276  	0.05827  	-0.1409  	0.05731  	-0.0713  	0.16349  	0.07944  	-0.0259  	-0.0048  	0.06404  	0.02919  	-0.1440  	-0.0867  	-0.0562  	-0.0321  	-0.0327  	-0.0373  	0.03257  	-0.0047  	0.01323  	-0.0036  	0.00519  	-0.0092  	0.03709  	0.02764  	0.03143  	0.16115  	-0.0244  	0.00460  	0.00695  	-0.0231  	1.15814  	1.11899  	128.088  	110.912  	
-0.6459  	-0.3729  	-0.2682  	-0.7461  	-0.0356  	-0.8088  	-0.1599  	0.49004  	0.25852  	0.31066  	0.99476  	0.19161  	-0.2032  	-0.6138  	-0.6068  	-0.5146  	0.66336  	0.38563  	0.60326  	0.32943  	0.13228  	0.67936  	0.67043  	0.37828  	0.35642  	0.16110  	0.18812  	-0.6502  	0.10188  	-0.0893  	0.04351  	-0.1531  	0.13017  	-0.0475  	-0.1046  	-0.2458  	-0.0155  	-0.1114  	0.10935  	0.07632  	-0.1113  	0.05728  	-0.0574  	0.18267  	0.08116  	-0.0197  	-0.0083  	0.07373  	0.04145  	-0.1474  	-0.0878  	-0.0565  	-0.0297  	-0.0336  	-0.0291  	0.03107  	-0.0030  	0.01524  	0.00614  	0.00422  	-0.0137  	0.03390  	0.02105  	0.03161  	0.16115  	-0.0244  	0.00460  	0.00695  	-0.0231  	1.15814  	1.11899  	128.088  	110.912  	
-0.5868  	-0.3372  	-0.1834  	-0.8042  	-0.0658  	-0.7500  	-0.1026  	0.43635  	0.28767  	0.32350  	0.85669  	0.14714  	-0.1823  	-0.6224  	-0.5786  	-0.5118  	0.67809  	0.36886  	0.61620  	0.26058  	0.05626  	0.72665  	0.67414  	0.32903  	0.37804  	0.17864  	0.23950  	-0.6271  	0.18044  	-0.0594  	0.07922  	-0.1493  	0.11821  	-0.0252  	-0.1770  	-0.2231  	-0.0552  	-0.1153  	0.09878  	0.10462  	-0.0570  	0.03761  	-0.0166  	0.20497  	0.07910  	-0.0308  	-0.0054  	0.08753  	0.03917  	-0.1506  	-0.0937  	-0.0513  	-0.0275  	-0.0262  	-0.0296  	0.02663  	-0.0094  	0.00899  	5.55813  	0.00776  	-0.0090  	0.04371  	0.01895  	0.02719  	0.16115  	-0.0244  	0.00460  	0.00695  	-0.0231  	1.15814  	1.11899  	128.088  	110.912  	
-0.5544  	-0.3077  	-0.1695  	-0.6520  	0.02173  	-0.6623  	-0.1030  	0.44579  	0.29174  	0.26149  	0.72963  	0.21750  	-0.1563  	-0.6079  	-0.5220  	-0.4501  	0.64273  	0.39095  	0.61331  	0.27225  	-0.0128  	0.72885  	0.66234  	0.28439  	0.35809  	0.19929  	0.21634  	-0.5577  	0.22520  	-0.0540  	0.07653  	-0.1497  	0.12402  	-0.0264  	-0.2335  	-0.2150  	-0.1060  	-0.1203  	0.14119  	0.12695  	-0.0420  	0.03337  	0.00461  	0.21365  	0.07183  	-0.0342  	-0.0033  	0.10413  	0.04122  	-0.1516  	-0.0934  	-0.0521  	-0.0280  	-0.0298  	-0.0299  	0.02621  	-0.0040  	0.00220  	0.00314  	0.00299  	-0.0069  	0.04419  	0.02197  	0.03067  	0.16115  	-0.0244  	0.00460  	0.00695  	-0.0231  	1.15814  	1.11899  	128.088  	110.912  	
-0.5427  	-0.2895  	-0.1925  	-0.5869  	0.04936  	-0.6376  	-0.1463  	0.45242  	0.30773  	0.22246  	0.69936  	0.24803  	-0.1613  	-0.6357  	-0.4962  	-0.4175  	0.64646  	0.39908  	0.61840  	0.25451  	-0.0293  	0.71346  	0.70314  	0.28103  	0.31862  	0.19856  	0.17008  	-0.5472  	0.22636  	-0.0614  	0.06722  	-0.1471  	0.12209  	-0.0219  	-0.2443  	-0.2422  	-0.1125  	-0.1198  	0.14514  	0.12548  	-0.0301  	0.03363  	0.01260  	0.21222  	0.06141  	-0.0311  	-0.0051  	0.10606  	0.04234  	-0.1569  	-0.0925  	-0.0494  	-0.0294  	-0.0293  	-0.0249  	0.02780  	-0.0012  	0.00290  	0.00492  	8.00043  	-0.0085  	0.04029  	0.02052  	0.03252  	0.16115  	-0.0244  	0.00460  	0.00695  	-0.0231  	1.15814  	1.11899  	128.088  	110.912  	
-0.3959  	-0.2591  	-0.1513  	-0.4085  	0.11367  	-0.5791  	-0.1550  	0.48327  	0.30164  	0.19098  	0.67902  	0.30088  	-0.1307  	-0.5385  	-0.3898  	-0.4164  	0.62608  	0.38053  	0.59053  	0.28053  	0.03807  	0.73394  	0.66191  	0.29164  	0.28870  	0.18734  	0.15051  	-0.5690  	0.18574  	-0.0583  	0.07323  	-0.1471  	0.14231  	-0.0054  	-0.1771  	-0.2564  	-0.0840  	-0.1086  	0.11286  	0.12289  	-0.0556  	0.03590  	0.00138  	0.20583  	0.06316  	-0.0288  	-0.0058  	0.09346  	0.03349  	-0.1414  	-0.0950  	-0.0499  	-0.0262  	-0.0300  	-0.0301  	0.02942  	-0.0062  	0.00538  	0.00122  	-0.0015  	-0.0102  	0.04334  	0.02114  	0.02709  	0.16115  	-0.0244  	0.00460  	0.00695  	-0.0231  	1.15814  	1.11899  	128.088  	110.912  	
-0.3640  	-0.2273  	-0.1339  	-0.3889  	0.13976  	-0.6027  	-0.1762  	0.51863  	0.32881  	0.20584  	0.67443  	0.37430  	-0.0907  	-0.4373  	-0.3611  	-0.3903  	0.60604  	0.41619  	0.59288  	0.26005  	-0.0014  	0.71931  	0.64079  	0.26065  	0.26061  	0.18017  	0.09082  	-0.4936  	0.21422  	-0.0463  	0.07476  	-0.1595  	0.16379  	0.00709  	-0.1640  	-0.2663  	-0.1213  	-0.1175  	0.12095  	0.12843  	-0.0412  	0.02767  	0.00443  	0.19802  	0.05544  	-0.0199  	-0.0052  	0.09545  	0.03340  	-0.1360  	-0.0955  	-0.0516  	-0.0306  	-0.0343  	-0.0336  	0.03421  	-0.0072  	0.00044  	0.00066  	-0.0104  	-0.0063  	0.05180  	0.01314  	0.02657  	0.16115  	-0.0244  	0.00460  	0.00695  	-0.0231  	1.15814  	1.11899  	128.088  	110.912  	
-0.2945  	-0.2329  	-0.1414  	-0.3874  	0.15193  	-0.5869  	-0.1880  	0.51323  	0.31316  	0.19443  	0.70778  	0.34582  	-0.1099  	-0.4181  	-0.3415  	-0.3955  	0.60225  	0.39012  	0.61063  	0.28128  	0.06869  	0.71513  	0.61364  	0.31144  	0.32343  	0.16109  	0.13559  	-0.5442  	0.16524  	-0.0490  	0.05033  	-0.1468  	0.14459  	-0.0071  	-0.1040  	-0.2604  	-0.0682  	-0.1178  	0.08507  	0.13644  	-0.0769  	0.04262  	-0.0128  	0.18902  	0.06587  	-0.0168  	-0.0009  	0.08135  	0.03718  	-0.1388  	-0.0903  	-0.0557  	-0.0339  	-0.0330  	-0.0330  	0.03541  	-0.0065  	0.00469  	0.00294  	-0.0054  	-0.0120  	0.04808  	0.01263  	0.02309  	0.16115  	-0.0244  	0.00460  	0.00695  	-0.0231  	1.15814  	1.11899  	128.088  	110.912  	
-0.3261  	-0.2539  	-0.1536  	-0.4041  	0.11888  	-0.6248  	-0.1780  	0.49084  	0.28003  	0.18256  	0.72014  	0.28781  	-0.1460  	-0.4891  	-0.3455  	-0.3964  	0.61315  	0.37853  	0.59421  	0.22643  	0.06594  	0.71039  	0.63800  	0.34046  	0.33446  	0.15735  	0.20566  	-0.5911  	0.16045  	-0.0344  	0.02730  	-0.1301  	0.11827  	-0.0160  	-0.0997  	-0.2490  	-0.0464  	-0.1000  	0.07913  	0.13501  	-0.0821  	0.03871  	-0.0093  	0.20015  	0.06173  	-0.0206  	-0.0030  	0.07965  	0.03558  	-0.1421  	-0.0937  	-0.0500  	-0.0232  	-0.0294  	-0.0286  	0.02540  	-0.0058  	0.00837  	0.01188  	0.00715  	-0.0145  	0.04272  	0.01506  	0.02386  	0.16115  	-0.0244  	0.00460  	0.00695  	-0.0231  	1.15814  	1.11899  	128.088  	110.912  	
-0.3455  	-0.2845  	-0.1607  	-0.4301  	0.08509  	-0.6499  	-0.1356  	0.46056  	0.27267  	0.16045  	0.75698  	0.24558  	-0.1699  	-0.5671  	-0.3817  	-0.4040  	0.61509  	0.36205  	0.58770  	0.21107  	0.03956  	0.72193  	0.63637  	0.35183  	0.35429  	0.16813  	0.24578  	-0.6217  	0.16026  	-0.0308  	0.02514  	-0.1227  	0.11296  	-0.0265  	-0.0957  	-0.2263  	-0.0149  	-0.0831  	0.06327  	0.12132  	-0.0784  	0.05597  	-0.0165  	0.19722  	0.06751  	-0.0282  	-0.0041  	0.07865  	0.03892  	-0.1509  	-0.0888  	-0.0457  	-0.0275  	-0.0250  	-0.0275  	0.02896  	-0.0003  	0.00790  	0.01096  	0.00601  	-0.0102  	0.03691  	0.01383  	0.02503  	0.16115  	-0.0244  	0.00460  	0.00695  	-0.0231  	1.15814  	1.11899  	128.088  	110.912  	
-0.4304  	-0.3101  	-0.2234  	-0.4686  	0.07810  	-0.6509  	-0.1496  	0.44462  	0.26456  	0.19863  	0.78310  	0.26831  	-0.1853  	-0.6108  	-0.4296  	-0.4200  	0.63506  	0.36667  	0.58499  	0.22823  	0.04610  	0.70819  	0.64361  	0.31971  	0.33997  	0.18016  	0.20752  	-0.5906  	0.15495  	-0.0328  	0.03291  	-0.1296  	0.09337  	-0.0286  	-0.1143  	-0.2252  	-0.0390  	-0.0836  	0.07248  	0.10735  	-0.0639  	0.05470  	-0.0190  	0.19816  	0.07365  	-0.0281  	0.00115  	0.07761  	0.03902  	-0.1448  	-0.0916  	-0.0462  	-0.0218  	-0.0269  	-0.0290  	0.02665  	0.00155  	0.00990  	0.00696  	-0.0005  	-0.0109  	0.03393  	0.01645  	0.02396  	0.16115  	-0.0244  	0.00460  	0.00695  	-0.0231  	1.15814  	1.11899  	128.088  	110.912  	
-0.4252  	-0.2922  	-0.2225  	-0.4492  	0.10935  	-0.6560  	-0.1663  	0.44421  	0.26700  	0.20569  	0.77437  	0.30840  	-0.1724  	-0.5749  	-0.4259  	-0.4245  	0.62617  	0.37929  	0.58314  	0.23955  	0.05194  	0.70167  	0.62525  	0.31212  	0.31619  	0.17441  	0.17758  	-0.5678  	0.16103  	-0.0413  	0.04872  	-0.1352  	0.10211  	-0.0220  	-0.1083  	-0.2354  	-0.0578  	-0.0919  	0.07765  	0.10999  	-0.0724  	0.05228  	-0.0167  	0.19888  	0.07429  	-0.0300  	0.00148  	0.07653  	0.04009  	-0.1405  	-0.0893  	-0.0474  	-0.0220  	-0.0272  	-0.0301  	0.02836  	-3.2804  	0.00948  	0.00615  	-0.0010  	-0.0119  	0.03729  	0.02054  	0.02359  	0.16115  	-0.0244  	0.00460  	0.00695  	-0.0231  	1.15814  	1.11899  	128.088  	110.912  	
