0.12531  	0.12353  	-0.3129  	0.71834  	0.27859  	0.57068  	0.18082  	0.57643  	0.52189  	0.19387  	0.79926  	0.75946  	-0.4339  	-0.4474  	-0.0158  	-0.1768  	0.71988  	0.25722  	0.80816  	0.26650  	0.82519  	0.71318  	0.62348  	0.30341  	0.33732  	0.15746  	0.33935  	-0.7456  	-0.4817  	-0.2885  	-0.2470  	-0.0708  	0.19309  	-0.0782  	0.20586  	-0.3895  	0.32434  	0.08900  	0.04283  	-0.2058  	-0.3254  	-0.0925  	0.05063  	0.00035  	0.00934  	0.02904  	-0.0011  	0.02179  	0.02383  	-0.0848  	-0.0720  	-0.0186  	-0.0245  	-0.0303  	0.00409  	0.06116  	0.00854  	0.02620  	-0.0178  	-0.0195  	-0.0175  	0.01812  	0.07897  	-0.0008  	0.01769  	0.04875  	-0.0764  	0.01313  	0.04579  	0.85449  	1.11780  	125.760  	104.299  	
0.12534  	0.12348  	-0.3127  	0.71808  	0.27862  	0.57062  	0.18083  	0.57659  	0.52190  	0.19430  	0.79975  	0.75981  	-0.4341  	-0.4477  	-0.0162  	-0.1766  	0.71992  	0.25723  	0.8081  	0.26677  	0.82517  	0.71302  	0.62373  	0.30323  	0.33727  	0.15747  	0.33920  	-0.7453  	-0.4817  	-0.2886  	-0.2471  	-0.0708  	0.19320  	-0.0782  	0.20559  	-0.3894  	0.32448  	0.08914  	0.04294  	-0.2059  	-0.3253  	-0.0925  	0.05069  	0.00040  	0.00936  	0.02906  	-0.0010  	0.02184  	0.02384  	-0.0848  	-0.0720  	-0.0186  	-0.0245  	-0.0303  	0.00411  	0.06115  	0.00854  	0.02619  	-0.0178  	-0.0196  	-0.0174  	0.01808  	0.07892  	-0.0008  	0.01769  	0.04875  	-0.0764  	0.01313  	0.04579  	0.85449  	1.11780  	125.760  	104.299  	
0.12430  	0.12361  	-0.3133  	0.71722  	0.27820  	0.56924  	0.18067  	0.57591  	0.52139  	0.19416  	0.80066  	0.75911  	-0.4350  	-0.4486  	-0.0165  	-0.1771  	0.72005  	0.25743  	0.80782  	0.26653  	0.82490  	0.71252  	0.62343  	0.30292  	0.33740  	0.15741  	0.33883  	-0.7452  	-0.4817  	-0.2888  	-0.2471  	-0.0708  	0.19310  	-0.0783  	0.20583  	-0.3895  	0.32466  	0.08920  	0.04256  	-0.2062  	-0.3249  	-0.0927  	0.05065  	0.00024  	0.00916  	0.02899  	-0.0011  	0.02180  	0.02371  	-0.0847  	-0.0720  	-0.0185  	-0.0246  	-0.0303  	0.00407  	0.06121  	0.00866  	0.02607  	-0.0177  	-0.0196  	-0.0174  	0.01801  	0.07874  	-0.0008  	0.01769  	0.04875  	-0.0764  	0.01313  	0.04579  	0.85449  	1.11780  	125.760  	104.299  	
0.12463  	0.12393  	-0.3129  	0.71698  	0.27757  	0.56945  	0.18067  	0.57631  	0.52174  	0.19381  	0.80064  	0.75935  	-0.4347  	-0.4479  	-0.0167  	-0.1767  	0.71972  	0.25726  	0.80806  	0.26594  	0.82575  	0.71293  	0.62369  	0.30303  	0.33728  	0.15739  	0.33918  	-0.7458  	-0.4822  	-0.2889  	-0.2469  	-0.0707  	0.19318  	-0.0783  	0.20588  	-0.3896  	0.32514  	0.08925  	0.04243  	-0.2062  	-0.3248  	-0.0926  	0.05069  	0.00032  	0.00921  	0.02895  	-0.0010  	0.02181  	0.02375  	-0.0847  	-0.0720  	-0.0186  	-0.0245  	-0.0302  	0.00406  	0.06126  	0.00856  	0.02609  	-0.0177  	-0.0195  	-0.0173  	0.01807  	0.07881  	-0.0008  	0.01769  	0.04875  	-0.0764  	0.01313  	0.04579  	0.85449  	1.11780  	125.760  	104.299  	
0.12296  	0.12400  	-0.3138  	0.71677  	0.27752  	0.56809  	0.18029  	0.57536  	0.52140  	0.19409  	0.80159  	0.75923  	-0.4357  	-0.4492  	-0.0168  	-0.1778  	0.72004  	0.25731  	0.80755  	0.26635  	0.82465  	0.71237  	0.62343  	0.30203  	0.33661  	0.15778  	0.33788  	-0.7441  	-0.4816  	-0.2890  	-0.2469  	-0.0710  	0.19329  	-0.0782  	0.20587  	-0.3898  	0.32469  	0.08911  	0.04230  	-0.2066  	-0.3243  	-0.0929  	0.05063  	0.00020  	0.00912  	0.02887  	-0.0010  	0.02162  	0.02352  	-0.0846  	-0.0720  	-0.0185  	-0.0245  	-0.0303  	0.00403  	0.06123  	0.00863  	0.02601  	-0.0177  	-0.0195  	-0.0173  	0.01803  	0.07859  	-0.0008  	0.01769  	0.04875  	-0.0764  	0.01313  	0.04579  	0.85449  	1.11780  	125.760  	104.299  	
0.12332  	0.12409  	-0.3142  	0.71686  	0.27792  	0.56739  	0.18043  	0.57486  	0.52143  	0.19395  	0.80107  	0.75943  	-0.4355  	-0.4486  	-0.0164  	-0.1778  	0.71988  	0.25748  	0.80738  	0.26630  	0.82416  	0.71230  	0.62288  	0.30194  	0.33672  	0.15779  	0.33771  	-0.7441  	-0.4813  	-0.2888  	-0.2467  	-0.0711  	0.19322  	-0.0783  	0.20612  	-0.3897  	0.32456  	0.08885  	0.04219  	-0.2063  	-0.3241  	-0.0929  	0.05061  	7.04899  	0.00906  	0.02884  	-0.0010  	0.02167  	0.02358  	-0.0845  	-0.0720  	-0.0185  	-0.0246  	-0.0303  	0.00399  	0.06125  	0.00863  	0.02602  	-0.0177  	-0.0196  	-0.0174  	0.01814  	0.07859  	-0.0009  	0.01769  	0.04875  	-0.0764  	0.01313  	0.04579  	0.85449  	1.11780  	125.760  	104.299  	
0.12355  	0.12422  	-0.3149  	0.71813  	0.27808  	0.56826  	0.18083  	0.57485  	0.52169  	0.19388  	0.79998  	0.75946  	-0.4353  	-0.4487  	-0.0152  	-0.1781  	0.72024  	0.25665  	0.80709  	0.26681  	0.82376  	0.71282  	0.62347  	0.30224  	0.33715  	0.15803  	0.33727  	-0.7434  	-0.4806  	-0.2887  	-0.2467  	-0.0714  	0.19328  	-0.0781  	0.20549  	-0.3899  	0.32390  	0.08871  	0.04260  	-0.2063  	-0.3243  	-0.0929  	0.05074  	0.00025  	0.00900  	0.02891  	-0.0010  	0.02148  	0.02356  	-0.0846  	-0.0719  	-0.0185  	-0.0246  	-0.0303  	0.00391  	0.06123  	0.00867  	0.02601  	-0.0177  	-0.0196  	-0.0174  	0.01832  	0.07861  	-0.0008  	0.01769  	0.04875  	-0.0764  	0.01313  	0.04579  	0.85449  	1.11780  	125.760  	104.299  	
0.12233  	0.12463  	-0.3157  	0.71877  	0.27812  	0.56789  	0.18088  	0.57422  	0.52139  	0.19423  	0.80066  	0.75870  	-0.4361  	-0.4499  	-0.0148  	-0.1788  	0.72038  	0.25629  	0.80680  	0.26729  	0.82337  	0.71276  	0.62299  	0.30172  	0.33691  	0.15830  	0.33658  	-0.7423  	-0.4801  	-0.2889  	-0.2468  	-0.0716  	0.19336  	-0.0780  	0.20525  	-0.3898  	0.32358  	0.08865  	0.04258  	-0.2065  	-0.3244  	-0.0931  	0.05059  	0.00026  	0.00907  	0.02892  	-0.0010  	0.02116  	0.02332  	-0.0846  	-0.0718  	-0.0184  	-0.0246  	-0.0303  	0.00390  	0.06115  	0.00877  	0.02598  	-0.0177  	-0.0196  	-0.0174  	0.01839  	0.07857  	-0.0008  	0.01769  	0.04875  	-0.0764  	0.01313  	0.04579  	0.85449  	1.11780  	125.760  	104.299  	
0.12352  	0.12517  	-0.3170  	0.71927  	0.27861  	0.56833  	0.18125  	0.57373  	0.52150  	0.19305  	0.79890  	0.75897  	-0.4352  	-0.4486  	-0.0124  	-0.1790  	0.72032  	0.25591  	0.80668  	0.26646  	0.82361  	0.71373  	0.62309  	0.30303  	0.33752  	0.15843  	0.33734  	-0.7440  	-0.4804  	-0.2883  	-0.2462  	-0.0717  	0.19319  	-0.0780  	0.20608  	-0.3902  	0.32343  	0.08832  	0.04247  	-0.2059  	-0.3247  	-0.0927  	0.05050  	0.00017  	0.00903  	0.02897  	-0.0010  	0.02115  	0.02348  	-0.0846  	-0.0719  	-0.0184  	-0.0247  	-0.0303  	0.00377  	0.06118  	0.00863  	0.02609  	-0.0178  	-0.0197  	-0.0175  	0.01868  	0.07867  	-0.0008  	0.01769  	0.04875  	-0.0764  	0.01313  	0.04579  	0.85449  	1.11780  	125.760  	104.299  	
0.12612  	0.12446  	-0.3149  	0.71904  	0.27807  	0.57004  	0.18125  	0.57567  	0.52210  	0.19261  	0.79814  	0.75928  	-0.4339  	-0.4472  	-0.0137  	-0.1766  	0.72014  	0.25594  	0.80771  	0.26560  	0.82614  	0.71445  	0.62379  	0.30514  	0.33834  	0.15766  	0.33991  	-0.7474  	-0.4828  	-0.2885  	-0.2464  	-0.0708  	0.19311  	-0.0780  	0.20641  	-0.3903  	0.32473  	0.08898  	0.04263  	-0.2059  	-0.3253  	-0.0924  	0.05065  	0.00039  	0.00912  	0.02904  	-0.0012  	0.02146  	0.02391  	-0.0847  	-0.0721  	-0.0186  	-0.0247  	-0.0302  	0.00384  	0.06120  	0.00852  	0.02615  	-0.0179  	-0.0197  	-0.0174  	0.01856  	0.07905  	-0.0009  	0.01769  	0.04875  	-0.0764  	0.01313  	0.04579  	0.85449  	1.11780  	125.760  	104.299  	
0.12490  	0.12391  	-0.3143  	0.71844  	0.27805  	0.56975  	0.18138  	0.57585  	0.52185  	0.19315  	0.79936  	0.75941  	-0.4347  	-0.4476  	-0.0144  	-0.1770  	0.72026  	0.25659  	0.80760  	0.26615  	0.82579  	0.71367  	0.62396  	0.30445  	0.33838  	0.15758  	0.33987  	-0.7463  	-0.4820  	-0.2886  	-0.2467  	-0.0708  	0.19301  	-0.0781  	0.20624  	-0.3901  	0.32463  	0.08909  	0.04246  	-0.2062  	-0.3252  	-0.0925  	0.05074  	0.00029  	0.00913  	0.02900  	-0.0011  	0.02166  	0.02386  	-0.0848  	-0.0721  	-0.0185  	-0.0247  	-0.0303  	0.00394  	0.06119  	0.00853  	0.02613  	-0.0179  	-0.0197  	-0.0173  	0.01836  	0.07897  	-0.0008  	0.01769  	0.04875  	-0.0764  	0.01313  	0.04579  	0.85449  	1.11780  	125.760  	104.299  	
0.12484  	0.12379  	-0.3134  	0.71712  	0.27781  	0.56981  	0.18106  	0.57600  	0.52177  	0.19344  	0.79978  	0.75903  	-0.4344  	-0.4476  	-0.0160  	-0.1769  	0.71992  	0.25703  	0.80790  	0.26595  	0.82575  	0.71360  	0.62384  	0.30382  	0.33778  	0.15747  	0.33985  	-0.7463  	-0.4821  	-0.2887  	-0.2467  	-0.0708  	0.19314  	-0.0783  	0.20623  	-0.3898  	0.32480  	0.08895  	0.04244  	-0.2060  	-0.3250  	-0.0925  	0.05074  	0.00018  	0.00916  	0.02890  	-0.0010  	0.02178  	0.02392  	-0.0848  	-0.0720  	-0.0186  	-0.0246  	-0.0303  	0.00405  	0.06125  	0.00856  	0.02609  	-0.0178  	-0.0196  	-0.0173  	0.01816  	0.07894  	-0.0008  	0.01769  	0.04875  	-0.0764  	0.01313  	0.04579  	0.85449  	1.11780  	125.760  	104.299  	
0.12489  	0.12463  	-0.3126  	0.71599  	0.27679  	0.56856  	0.18065  	0.57598  	0.52197  	0.19340  	0.80060  	0.75961  	-0.4346  	-0.4471  	-0.0167  	-0.1767  	0.71918  	0.25716  	0.80817  	0.26540  	0.82646  	0.71361  	0.62386  	0.30287  	0.33729  	0.15747  	0.33923  	-0.7462  	-0.4823  	-0.2889  	-0.2467  	-0.0709  	0.19341  	-0.0783  	0.20623  	-0.3898  	0.32548  	0.08903  	0.04209  	-0.2060  	-0.3243  	-0.0925  	0.05073  	0.00026  	0.00911  	0.02877  	-0.0010  	0.02193  	0.02385  	-0.0845  	-0.0721  	-0.0186  	-0.0246  	-0.0302  	0.00401  	0.06138  	0.00849  	0.02604  	-0.0177  	-0.0194  	-0.0173  	0.01813  	0.07875  	-0.0009  	0.01769  	0.04875  	-0.0764  	0.01313  	0.04579  	0.85449  	1.11780  	125.760  	104.299  	
0.12818  	0.13902  	-0.2643  	0.73943  	0.28876  	0.53835  	0.14801  	0.63604  	0.49789  	0.17191  	0.82132  	0.77465  	-0.3882  	-0.5010  	0.03234  	-0.2360  	0.81002  	0.09442  	0.88107  	0.00583  	0.89592  	0.48105  	0.36550  	0.30286  	0.26972  	0.25838  	0.33253  	-0.8315  	-0.3947  	-0.3107  	-0.1321  	-0.1197  	0.10073  	-0.2431  	0.13711  	-0.4144  	0.23676  	0.08712  	-0.0721  	-0.2911  	-0.2478  	0.03980  	-0.0663  	0.08044  	-0.0502  	0.04952  	-0.0251  	0.04209  	0.00806  	-0.0968  	-0.0656  	-0.0138  	-0.0232  	-0.0137  	0.01094  	0.05976  	0.00688  	0.01416  	-0.0172  	-0.0108  	-0.0127  	0.01405  	0.06206  	-0.0005  	0.01769  	0.04875  	-0.0764  	0.01313  	0.04579  	0.85449  	1.11780  	125.760  	104.299  	
0.03328  	0.10311  	-0.3975  	0.96944  	0.52026  	0.43597  	0.14577  	0.60626  	0.42323  	0.22752  	0.55068  	0.79459  	-0.2195  	-0.4368  	0.13435  	-0.3411  	0.83619  	0.03765  	0.92797  	-0.0735  	0.67676  	0.26012  	-0.0521  	0.19812  	0.35354  	0.33505  	0.23369  	-0.6294  	-0.0250  	-0.2305  	-0.0609  	-0.2143  	0.01128  	-0.3734  	-0.0043  	-0.3435  	-0.0734  	-0.0171  	-0.0626  	-0.2837  	-0.1750  	0.17473  	-0.1750  	0.14778  	-0.0889  	0.06878  	-0.0452  	0.07241  	-0.0015  	-0.1154  	-0.0478  	-0.0103  	-0.0304  	-0.0082  	0.02170  	0.04851  	0.00507  	0.00242  	-0.0123  	-0.0132  	-0.0070  	0.00680  	0.04200  	-0.0032  	0.01769  	0.04875  	-0.0764  	0.01313  	0.04579  	0.85449  	1.11780  	125.760  	104.299  	
-0.0914  	0.09179  	-0.5297  	1.13383  	0.66294  	0.33821  	0.14201  	0.54669  	0.39501  	0.23477  	0.46017  	0.84312  	-0.2012  	-0.3654  	0.20544  	-0.4143  	0.82676  	0.04009  	0.89785  	-0.0359  	0.57225  	0.24908  	-0.2401  	0.19481  	0.42144  	0.33692  	0.19458  	-0.5049  	0.13298  	-0.1863  	-0.0581  	-0.2513  	-0.0189  	-0.3860  	-0.0284  	-0.3151  	-0.1764  	-0.0633  	-0.0403  	-0.2460  	-0.1871  	0.20619  	-0.2242  	0.13526  	-0.0820  	0.07208  	-0.0552  	0.06399  	-0.0065  	-0.1242  	-0.0334  	-0.0146  	-0.0350  	-0.0139  	0.01389  	0.05768  	0.01704  	-0.0013  	-0.0069  	-0.0103  	-0.0096  	0.00810  	0.03602  	-0.0071  	0.01769  	0.04875  	-0.0764  	0.01313  	0.04579  	0.85449  	1.11780  	125.760  	104.299  	
-0.1126  	0.06107  	-0.6391  	1.30971  	0.84173  	0.33771  	0.17591  	0.55016  	0.37992  	0.21603  	0.42838  	0.92451  	-0.1821  	-0.2817  	0.28872  	-0.4290  	0.79121  	0.07855  	0.87214  	0.03911  	0.48128  	0.31857  	-0.2614  	0.19857  	0.47470  	0.32025  	0.17821  	-0.3647  	0.19202  	-0.1361  	-0.0878  	-0.2609  	-0.0008  	-0.3285  	0.02263  	-0.2887  	-0.2384  	-0.0959  	0.01231  	-0.2091  	-0.2370  	0.18587  	-0.2108  	0.11144  	-0.0755  	0.06894  	-0.0443  	0.05936  	0.00214  	-0.1172  	-0.0404  	-0.0200  	-0.0327  	-0.0155  	0.01303  	0.05505  	0.02153  	0.00471  	-0.0042  	-0.0124  	-0.0086  	-0.0014  	0.03722  	-0.0143  	0.01769  	0.04875  	-0.0764  	0.01313  	0.04579  	0.85449  	1.11780  	125.760  	104.299  	
-0.1191  	0.04857  	-0.7062  	1.34103  	0.83254  	0.39824  	0.17422  	0.50536  	0.39406  	0.16500  	0.30591  	0.88411  	-0.1931  	-0.2686  	0.32651  	-0.3955  	0.74000  	0.19243  	0.80917  	0.28381  	0.42239  	0.51356  	-0.0266  	0.17998  	0.56726  	0.25211  	0.21654  	-0.2713  	0.15569  	-0.0923  	-0.2013  	-0.2211  	0.08667  	-0.1753  	0.08946  	-0.2819  	-0.1815  	-0.0962  	0.10220  	-0.1423  	-0.3603  	0.09183  	-0.1231  	0.04921  	-0.0277  	0.05351  	-0.0194  	0.04396  	0.01682  	-0.1112  	-0.0338  	-0.0272  	-0.0346  	-0.0243  	0.00926  	0.06206  	0.01950  	0.00850  	-0.0037  	-0.0209  	-0.0222  	0.00577  	0.05400  	-0.0139  	0.01769  	0.04875  	-0.0764  	0.01313  	0.04579  	0.85449  	1.11780  	125.760  	104.299  	
-0.1332  	0.04456  	-0.7396  	1.27707  	0.78144  	0.43846  	0.17839  	0.40402  	0.39951  	0.20728  	0.24918  	0.85792  	-0.2418  	-0.2712  	0.24449  	-0.2922  	0.65491  	0.40138  	0.76537  	0.52532  	0.36154  	0.75659  	0.25971  	0.15736  	0.62446  	0.16632  	0.19106  	-0.2022  	0.07629  	-0.0950  	-0.3065  	-0.1731  	0.18031  	-0.0013  	0.10917  	-0.2671  	-0.0968  	-0.0878  	0.21467  	-0.0585  	-0.3855  	-0.0589  	0.02364  	-0.0231  	0.01697  	0.03690  	0.00304  	0.03420  	0.03086  	-0.1046  	-0.0476  	-0.0287  	-0.0379  	-0.0442  	0.00046  	0.07014  	0.01436  	0.01820  	-0.0052  	-0.0273  	-0.0209  	0.00875  	0.06349  	-0.0213  	0.01769  	0.04875  	-0.0764  	0.01313  	0.04579  	0.85449  	1.11780  	125.760  	104.299  	
-0.1798  	0.01577  	-0.6982  	1.06053  	0.69858  	0.38362  	0.19099  	0.38654  	0.41059  	0.29369  	0.41597  	0.88669  	-0.3095  	-0.4326  	0.04598  	-0.2496  	0.64195  	0.40632  	0.78522  	0.48039  	0.39905  	0.74561  	0.30790  	0.17187  	0.50250  	0.17267  	0.15679  	-0.2750  	-0.0217  	-0.1510  	-0.2823  	-0.1679  	0.17932  	-0.0182  	0.07860  	-0.2429  	-0.0406  	-0.0598  	0.19439  	-0.0699  	-0.3430  	-0.0755  	0.03137  	-0.0051  	0.01068  	0.03061  	0.00068  	0.03586  	0.02782  	-0.1043  	-0.0624  	-0.0336  	-0.0363  	-0.0411  	0.00744  	0.05345  	0.02398  	0.02269  	-0.0074  	-0.0322  	-0.0256  	0.00321  	0.06217  	-0.0066  	0.01769  	0.04875  	-0.0764  	0.01313  	0.04579  	0.85449  	1.11780  	125.760  	104.299  	
-0.3721  	-0.0616  	-0.6956  	0.52299  	0.44488  	0.15418  	0.21714  	0.28780  	0.39743  	0.41185  	0.69179  	0.80535  	-0.4398  	-0.7204  	-0.3038  	-0.3690  	0.61957  	0.46730  	0.79633  	0.52797  	0.41522  	0.65242  	0.39704  	0.19243  	0.40220  	0.17616  	0.09444  	-0.2829  	-0.1468  	-0.2662  	-0.2185  	-0.1539  	0.16304  	-0.0405  	0.02906  	-0.1919  	0.00118  	-0.0374  	0.16539  	-0.0813  	-0.2915  	-0.0714  	0.03612  	-0.0172  	0.01419  	0.02961  	-0.0001  	0.01535  	0.01633  	-0.0811  	-0.0526  	-0.0265  	-0.0272  	-0.0422  	0.00452  	0.04196  	0.03080  	0.03185  	-0.0097  	-0.0263  	-0.0285  	0.01234  	0.06681  	-0.0038  	0.01769  	0.04875  	-0.0764  	0.01313  	0.04579  	0.85449  	1.11780  	125.760  	104.299  	
-0.5544  	-0.0989  	-0.6772  	0.25154  	0.26305  	0.20701  	0.19701  	0.27474  	0.36364  	0.40634  	0.84072  	0.61697  	-0.5518  	-0.9270  	-0.4858  	-0.4221  	0.65453  	0.45687  	0.81260  	0.47328  	0.41051  	0.64627  	0.49595  	0.15976  	0.42246  	0.20349  	0.12194  	-0.3294  	-0.1502  	-0.2938  	-0.2374  	-0.1459  	0.14119  	-0.0536  	-0.0076  	-0.1878  	0.03542  	-0.0165  	0.15436  	-0.1170  	-0.2347  	-0.1080  	0.02599  	-0.0070  	0.03280  	0.02300  	0.00464  	-0.0223  	-0.0042  	-0.0817  	-0.0519  	-0.0224  	-0.0228  	-0.0375  	0.00601  	0.03991  	0.02997  	0.02956  	-0.0133  	-0.0187  	-0.0231  	0.00252  	0.08396  	-0.0005  	0.01769  	0.04875  	-0.0764  	0.01313  	0.04579  	0.85449  	1.11780  	125.760  	104.299  	
-0.5820  	-0.1369  	-0.6840  	0.27372  	0.18636  	0.23558  	0.19702  	0.22931  	0.36486  	0.37943  	0.73048  	0.60689  	-0.5176  	-0.9211  	-0.4904  	-0.3823  	0.71976  	0.43802  	0.81172  	0.43580  	0.32932  	0.67863  	0.54124  	0.08115  	0.44365  	0.22225  	0.09488  	-0.2864  	-0.0392  	-0.2784  	-0.2022  	-0.1526  	0.12669  	-0.0575  	-0.1406  	-0.1585  	-0.0129  	-0.0112  	0.18352  	-0.1286  	-0.1943  	-0.1055  	0.07467  	0.01886  	0.02240  	0.02098  	0.00215  	0.01613  	0.00767  	-0.0921  	-0.0636  	-0.0230  	-0.0305  	-0.0422  	0.00987  	0.04037  	0.01880  	0.02405  	-0.0102  	-0.0260  	-0.0177  	0.00987  	0.08304  	0.00371  	0.01769  	0.04875  	-0.0764  	0.01313  	0.04579  	0.85449  	1.11780  	125.760  	104.299  	
-0.5896  	-0.1184  	-0.6755  	0.33294  	0.23350  	0.21392  	0.17890  	0.25535  	0.39414  	0.36655  	0.66886  	0.64888  	-0.4990  	-0.9085  	-0.4554  	-0.3531  	0.71737  	0.44333  	0.81283  	0.42045  	0.29769  	0.67436  	0.55505  	0.05992  	0.38854  	0.23341  	0.05450  	-0.2768  	-0.0335  	-0.2881  	-0.1906  	-0.1549  	0.14436  	-0.0501  	-0.1625  	-0.1866  	-0.0427  	-0.0205  	0.19331  	-0.1227  	-0.1745  	-0.1068  	0.08455  	0.01782  	0.01491  	0.02434  	0.00347  	0.02399  	0.01408  	-0.0950  	-0.0640  	-0.0239  	-0.0298  	-0.0443  	0.00945  	0.03584  	0.01839  	0.02533  	-0.0100  	-0.0289  	-0.0158  	0.01475  	0.08291  	0.00709  	0.01769  	0.04875  	-0.0764  	0.01313  	0.04579  	0.85449  	1.11780  	125.760  	104.299  	
-0.5300  	-0.0934  	-0.6730  	0.39064  	0.26886  	0.23039  	0.15448  	0.29349  	0.39673  	0.35331  	0.67607  	0.69659  	-0.5074  	-0.8832  	-0.3812  	-0.3213  	0.71970  	0.44251  	0.81844  	0.43217  	0.34836  	0.66797  	0.57959  	0.08395  	0.35421  	0.22954  	0.03341  	-0.2984  	-0.0624  	-0.2977  	-0.1952  	-0.1558  	0.15186  	-0.0506  	-0.1301  	-0.2228  	-0.0195  	-0.0148  	0.18916  	-0.1223  	-0.1816  	-0.1117  	0.07624  	0.01835  	0.01267  	0.02405  	0.00673  	0.01634  	0.01694  	-0.0953  	-0.0615  	-0.0209  	-0.0310  	-0.0451  	0.00960  	0.03431  	0.02167  	0.02716  	-0.0100  	-0.0293  	-0.0194  	0.01653  	0.08504  	0.00547  	0.01769  	0.04875  	-0.0764  	0.01313  	0.04579  	0.85449  	1.11780  	125.760  	104.299  	
-0.4713  	-0.0926  	-0.6911  	0.42086  	0.28109  	0.23602  	0.16461  	0.28419  	0.37798  	0.36134  	0.68266  	0.71177  	-0.4964  	-0.8611  	-0.3959  	-0.3391  	0.69635  	0.45750  	0.80286  	0.43762  	0.35438  	0.66267  	0.53234  	0.07395  	0.36448  	0.21298  	0.03166  	-0.2779  	-0.0529  	-0.2848  	-0.2133  	-0.1542  	0.14320  	-0.0566  	-0.1071  	-0.2048  	-0.0131  	-0.0111  	0.17703  	-0.1031  	-0.1882  	-0.1061  	0.07017  	0.02074  	0.01454  	0.02716  	0.00709  	0.00864  	0.01484  	-0.0934  	-0.0639  	-0.0217  	-0.0266  	-0.0429  	0.00652  	0.03548  	0.02236  	0.02669  	-0.0101  	-0.0281  	-0.0200  	0.01610  	0.07880  	-0.0012  	0.01769  	0.04875  	-0.0764  	0.01313  	0.04579  	0.85449  	1.11780  	125.760  	104.299  	
-0.4153  	-0.0811  	-0.6655  	0.46829  	0.30556  	0.19844  	0.16018  	0.26840  	0.38034  	0.37730  	0.70653  	0.73791  	-0.4914  	-0.8247  	-0.4302  	-0.3352  	0.67194  	0.46584  	0.79934  	0.46740  	0.34577  	0.65151  	0.44355  	0.07106  	0.39589  	0.20538  	0.04910  	-0.2412  	-0.0603  	-0.2858  	-0.2275  	-0.1529  	0.14665  	-0.0570  	-0.0602  	-0.1718  	-0.0261  	-0.0194  	0.19370  	-0.0996  	-0.2145  	-0.1019  	0.06941  	0.01556  	0.01470  	0.01777  	0.00816  	0.01710  	0.00974  	-0.0876  	-0.0558  	-0.0206  	-0.0298  	-0.0391  	0.01124  	0.04300  	0.02563  	0.02454  	-0.0090  	-0.0268  	-0.0224  	0.01049  	0.08151  	0.00072  	0.01769  	0.04875  	-0.0764  	0.01313  	0.04579  	0.85449  	1.11780  	125.760  	104.299  	
-0.3569  	-0.0706  	-0.7074  	0.80610  	0.50772  	0.27406  	0.16795  	0.30399  	0.38320  	0.33707  	0.61602  	0.79372  	-0.4611  	-0.7049  	-0.1906  	-0.3187  	0.69494  	0.45201  	0.79011  	0.51874  	0.35168  	0.66750  	0.36803  	0.14738  	0.47692  	0.18371  	0.09701  	-0.2168  	-0.0301  	-0.2234  	-0.2629  	-0.1399  	0.15583  	-0.0528  	0.01206  	-0.1977  	-0.0381  	-0.0404  	0.19093  	-0.1027  	-0.2855  	-0.0907  	0.03256  	-0.0076  	0.02743  	0.02645  	0.00788  	0.01945  	0.01577  	-0.0933  	-0.0483  	-0.0227  	-0.0286  	-0.0407  	0.01138  	0.04407  	0.02929  	0.02664  	-0.0087  	-0.0223  	-0.0283  	0.00465  	0.07856  	-0.0030  	0.01769  	0.04875  	-0.0764  	0.01313  	0.04579  	0.85449  	1.11780  	125.760  	104.299  	
-0.2068  	-0.0107  	-0.6060  	0.96813  	0.54706  	0.45249  	0.16079  	0.37694  	0.38845  	0.22388  	0.47837  	0.79676  	-0.4369  	-0.5771  	0.03758  	-0.3060  	0.70602  	0.36578  	0.76904  	0.44326  	0.45689  	0.69994  	0.42005  	0.19038  	0.49256  	0.16121  	0.20780  	-0.3140  	-0.0959  	-0.1821  	-0.2747  	-0.1281  	0.14120  	-0.0602  	0.08619  	-0.2292  	0.01417  	-0.0267  	0.15652  	-0.0957  	-0.3380  	-0.0906  	0.03537  	-0.0013  	0.02151  	0.02965  	-0.0013  	0.01611  	0.02108  	-0.0913  	-0.0447  	-0.0311  	-0.0303  	-0.0440  	0.00546  	0.04869  	0.03298  	0.02441  	-0.0022  	-0.0215  	-0.0302  	0.01413  	0.08038  	-0.0019  	0.01769  	0.04875  	-0.0764  	0.01313  	0.04579  	0.85449  	1.11780  	125.760  	104.299  	
-0.1021  	0.00899  	-0.5288  	0.87433  	0.46027  	0.49406  	0.17598  	0.34984  	0.40641  	0.26642  	0.51576  	0.72700  	-0.4528  	-0.6400  	-0.1036  	-0.2506  	0.67849  	0.39191  	0.80728  	0.44849  	0.51644  	0.69805  	0.41473  	0.19851  	0.50805  	0.16849  	0.20661  	-0.4131  	-0.1412  	-0.2135  	-0.2816  	-0.1071  	0.14404  	-0.0555  	0.08910  	-0.2081  	0.06430  	0.00233  	0.15494  	-0.0846  	-0.3215  	-0.0797  	0.02929  	0.01147  	0.01390  	0.02161  	-0.0050  	0.01119  	0.01897  	-0.0983  	-0.0437  	-0.0265  	-0.0299  	-0.0386  	0.00886  	0.05347  	0.02531  	0.02559  	-0.0053  	-0.0217  	-0.0259  	0.00843  	0.07906  	-0.0036  	0.01769  	0.04875  	-0.0764  	0.01313  	0.04579  	0.85449  	1.11780  	125.760  	104.299  	
0.00128  	-0.0035  	-0.4646  	0.87656  	0.45448  	0.46867  	0.19539  	0.36872  	0.39343  	0.33029  	0.59907  	0.73121  	-0.4843  	-0.6957  	-0.2135  	-0.1843  	0.64641  	0.41030  	0.81450  	0.44829  	0.49455  	0.70007  	0.41751  	0.22895  	0.51990  	0.13515  	0.22124  	-0.3999  	-0.1494  	-0.2197  	-0.2890  	-0.0988  	0.14002  	-0.0641  	0.09838  	-0.1913  	0.09307  	-0.0193  	0.14277  	-0.0657  	-0.3217  	-0.0874  	0.03584  	0.02067  	0.01800  	0.03165  	-0.0077  	0.02256  	0.02414  	-0.0946  	-0.0464  	-0.0276  	-0.0259  	-0.0401  	0.00727  	0.05896  	0.02745  	0.02630  	-0.0090  	-0.0185  	-0.0278  	0.00422  	0.07964  	-0.0034  	0.01769  	0.04875  	-0.0764  	0.01313  	0.04579  	0.85449  	1.11780  	125.760  	104.299  	
-0.0353  	-0.0386  	-0.4485  	0.83974  	0.47266  	0.45097  	0.21352  	0.32698  	0.36773  	0.42438  	0.61568  	0.73266  	-0.4887  	-0.7756  	-0.3452  	-0.1238  	0.62981  	0.40691  	0.82798  	0.46918  	0.38087  	0.70541  	0.34058  	0.23344  	0.58342  	0.12162  	0.26420  	-0.3506  	-0.1072  	-0.2098  	-0.2964  	-0.0769  	0.11423  	-0.0625  	0.04634  	-0.1026  	0.04375  	-0.0107  	0.15734  	-0.0652  	-0.2883  	-0.0815  	0.03803  	0.01673  	0.01211  	0.02637  	-0.0132  	0.04182  	0.03652  	-0.0995  	-0.0473  	-0.0263  	-0.0234  	-0.0416  	0.01373  	0.04990  	0.03477  	0.02891  	-0.0079  	-0.0181  	-0.0288  	-0.0002  	0.08653  	-4.7232  	0.01769  	0.04875  	-0.0764  	0.01313  	0.04579  	0.85449  	1.11780  	125.760  	104.299  	
-0.0663  	0.00421  	-0.5583  	0.87596  	0.54484  	0.42090  	0.20040  	0.27709  	0.36824  	0.40960  	0.54877  	0.73716  	-0.4952  	-0.7458  	-0.3684  	-0.2058  	0.64425  	0.39787  	0.80406  	0.49142  	0.31612  	0.76007  	0.28068  	0.19586  	0.66181  	0.12998  	0.26635  	-0.2933  	-0.0593  	-0.1496  	-0.2992  	-0.1135  	0.10526  	-0.0700  	0.06704  	-0.0882  	0.02408  	-0.0498  	0.19652  	-0.0669  	-0.3005  	-0.0673  	0.05396  	0.00994  	0.02713  	0.03035  	-0.0140  	0.03250  	0.03756  	-0.1085  	-0.0255  	-0.0297  	-0.0309  	-0.0465  	0.01210  	0.05894  	0.03406  	0.02619  	-0.0127  	-0.0209  	-0.0355  	-1.6186  	0.07555  	-0.0072  	0.01769  	0.04875  	-0.0764  	0.01313  	0.04579  	0.85449  	1.11780  	125.760  	104.299  	
-0.0180  	0.04525  	-0.6395  	1.21070  	0.68867  	0.51296  	0.25260  	0.33398  	0.39143  	0.29110  	0.36266  	0.76840  	-0.3380  	-0.4111  	0.00025  	-0.3188  	0.63004  	0.32523  	0.79279  	0.43215  	0.38385  	0.76805  	0.28931  	0.20438  	0.70601  	0.13642  	0.29601  	-0.2523  	0.04950  	-0.0909  	-0.3209  	-0.1295  	0.12977  	-0.0579  	0.11307  	-0.1766  	-0.0643  	-0.0862  	0.22834  	-0.0379  	-0.3522  	-0.0374  	0.01762  	0.01824  	0.02830  	0.01634  	-0.0180  	0.03045  	0.04248  	-0.0996  	-0.0287  	-0.0244  	-0.0201  	-0.0417  	0.00494  	0.05682  	0.02576  	0.02626  	0.00147  	-0.0236  	-0.0356  	0.00467  	0.07333  	0.00908  	0.01769  	0.04875  	-0.0764  	0.01313  	0.04579  	0.85449  	1.11780  	125.760  	104.299  	
-0.0574  	0.02394  	-0.7294  	1.35788  	0.77121  	0.53002  	0.21271  	0.42201  	0.40261  	0.21155  	0.29690  	0.79633  	-0.2705  	-0.2977  	0.25249  	-0.3458  	0.66225  	0.32841  	0.79738  	0.43309  	0.38258  	0.72481  	0.31354  	0.12385  	0.65922  	0.14801  	0.22279  	-0.2369  	0.08622  	-0.0737  	-0.3164  	-0.1553  	0.13340  	-0.0304  	0.10594  	-0.2425  	-0.1028  	-0.0757  	0.22207  	-0.0663  	-0.3949  	-0.0786  	0.00874  	-0.0135  	0.03099  	0.03114  	-0.0144  	0.00825  	0.02782  	-0.1031  	-0.0539  	-0.0331  	-0.0274  	-0.0559  	0.00596  	0.05845  	0.02882  	0.02567  	-0.0050  	-0.0270  	-0.0258  	0.00096  	0.06720  	-0.0094  	0.01769  	0.04875  	-0.0764  	0.01313  	0.04579  	0.85449  	1.11780  	125.760  	104.299  	
-0.1115  	0.02828  	-0.6647  	1.09458  	0.67133  	0.43121  	0.20895  	0.39081  	0.41176  	0.27498  	0.34230  	0.84469  	-0.3069  	-0.4234  	0.07766  	-0.2873  	0.66394  	0.40466  	0.80913  	0.43551  	0.35786  	0.74047  	0.34525  	0.14963  	0.55716  	0.17239  	0.17568  	-0.2466  	0.02837  	-0.1431  	-0.3119  	-0.1524  	0.18262  	-0.0343  	0.05234  	-0.2544  	-0.0514  	-0.0574  	0.21256  	-0.0527  	-0.3443  	-0.0754  	0.02711  	0.00474  	0.02540  	0.02958  	0.00118  	0.02968  	0.02885  	-0.1004  	-0.0629  	-0.0364  	-0.0280  	-0.0470  	0.00532  	0.05336  	0.02870  	0.02490  	-0.0085  	-0.0228  	-0.0298  	0.00333  	0.06604  	-0.0045  	0.01769  	0.04875  	-0.0764  	0.01313  	0.04579  	0.85449  	1.11780  	125.760  	104.299  	
-0.2294  	0.02379  	-0.5866  	0.77274  	0.50968  	0.31949  	0.22262  	0.39371  	0.35410  	0.28770  	0.56591  	0.79445  	-0.3736  	-0.7043  	-0.1153  	-0.3587  	0.76292  	0.28767  	0.87480  	0.18121  	0.48201  	0.47615  	0.13312  	0.19766  	0.40782  	0.27461  	0.17013  	-0.4115  	0.02766  	-0.2466  	-0.1621  	-0.1833  	0.05551  	-0.2241  	-0.0593  	-0.2363  	-0.0958  	-0.0359  	0.03038  	-0.1442  	-0.2366  	0.04899  	-0.0706  	0.09190  	-0.0356  	0.04925  	-0.0244  	0.03724  	0.00753  	-0.1092  	-0.0520  	-0.0233  	-0.0314  	-0.0277  	0.01150  	0.04366  	0.02386  	0.01351  	-0.0017  	-0.0126  	-0.0277  	0.00519  	0.05808  	-0.0063  	0.01769  	0.04875  	-0.0764  	0.01313  	0.04579  	0.85449  	1.11780  	125.760  	104.299  	
-0.4438  	-0.0862  	-0.5343  	0.50668  	0.29836  	0.21334  	0.13943  	0.37119  	0.32923  	0.28075  	0.75663  	0.65141  	-0.4740  	-1.0148  	-0.2678  	-0.4333  	0.87408  	0.14347  	0.95086  	-0.0493  	0.58801  	0.27618  	0.03354  	0.16785  	0.33858  	0.38059  	0.16374  	-0.5649  	0.01963  	-0.2973  	-0.0387  	-0.2186  	-0.0582  	-0.3695  	-0.1501  	-0.2307  	-0.0996  	-0.0161  	-0.0692  	-0.2426  	-0.0975  	0.14300  	-0.1809  	0.15820  	-0.0797  	0.05836  	-0.0430  	0.03459  	-0.0219  	-0.1220  	-0.0461  	-0.0150  	-0.0177  	-0.0103  	0.02130  	0.04343  	0.02545  	0.00202  	-0.0065  	0.00037  	-0.0138  	-0.0060  	0.04975  	0.00804  	0.01769  	0.04875  	-0.0764  	0.01313  	0.04579  	0.85449  	1.11780  	125.760  	104.299  	
-0.3988  	-0.0605  	-0.5855  	0.57235  	0.32442  	0.24870  	0.09281  	0.39903  	0.31671  	0.24244  	0.70541  	0.67416  	-0.4288  	-0.9795  	-0.2036  	-0.4356  	0.90519  	0.06446  	0.96957  	-0.1261  	0.60595  	0.23493  	0.01424  	0.15376  	0.32984  	0.39622  	0.20879  	-0.5978  	0.00644  	-0.2938  	-0.0034  	-0.2270  	-0.0772  	-0.4021  	-0.1389  	-0.2540  	-0.1173  	-0.0069  	-0.1065  	-0.2759  	-0.1025  	0.18479  	-0.2033  	0.17248  	-0.0917  	0.06571  	-0.0424  	0.04821  	-0.0257  	-0.1174  	-0.0483  	-0.0117  	-0.0252  	-0.0034  	0.02220  	0.04210  	0.02715  	0.00127  	-0.0031  	-0.0059  	-0.0177  	-0.0047  	0.04781  	0.00588  	0.01769  	0.04875  	-0.0764  	0.01313  	0.04579  	0.85449  	1.11780  	125.760  	104.299  	
-0.1690  	0.01648  	-0.5302  	0.86160  	0.48961  	0.34807  	0.10792  	0.48747  	0.36359  	0.22971  	0.52062  	0.81491  	-0.3227  	-0.7105  	0.10071  	-0.4584  	0.87431  	0.04993  	0.91704  	-0.0348  	0.57487  	0.32141  	0.00150  	0.18004  	0.33010  	0.36085  	0.19434  	-0.5744  	0.01913  	-0.2683  	-0.0366  	-0.2315  	-0.0137  	-0.3381  	-0.0563  	-0.2852  	-0.1342  	-0.0286  	-0.0798  	-0.2337  	-0.1748  	0.14627  	-0.1687  	0.15859  	-0.0838  	0.06294  	-0.0351  	0.05287  	-0.0163  	-0.1070  	-0.0425  	-0.0171  	-0.0265  	-0.0084  	0.01309  	0.04337  	0.02309  	0.00559  	-0.0066  	-0.0099  	-0.0173  	0.00888  	0.04617  	-0.0044  	0.01769  	0.04875  	-0.0764  	0.01313  	0.04579  	0.85449  	1.11780  	125.760  	104.299  	
0.08047  	0.09589  	-0.3505  	0.87094  	0.40751  	0.52866  	0.17081  	0.56568  	0.45315  	0.21420  	0.57134  	0.78368  	-0.3256  	-0.4511  	0.18181  	-0.3574  	0.78524  	0.16121  	0.87025  	0.12019  	0.73447  	0.51740  	0.25531  	0.22265  	0.32454  	0.27295  	0.22735  	-0.6383  	-0.1777  	-0.2788  	-0.1273  	-0.1458  	0.10436  	-0.2316  	0.04907  	-0.3457  	0.06469  	0.02401  	0.00990  	-0.1916  	-0.2098  	0.04352  	-0.0597  	0.09680  	-0.0401  	0.04511  	-0.0198  	0.05710  	0.00632  	-0.1020  	-0.0525  	-0.0174  	-0.0283  	-0.0245  	0.01185  	0.05614  	0.01711  	0.00940  	-0.0214  	-0.0126  	-0.0184  	0.01359  	0.05788  	0.00214  	0.01769  	0.04875  	-0.0764  	0.01313  	0.04579  	0.85449  	1.11780  	125.760  	104.299  	
0.18665  	0.07261  	-0.3315  	0.90982  	0.39600  	0.65480  	0.24587  	0.52170  	0.47626  	0.24303  	0.51454  	0.65136  	-0.3690  	-0.3669  	0.10855  	-0.2745  	0.71490  	0.27835  	0.78923  	0.33598  	0.62296  	0.79132  	0.49076  	0.22952  	0.48257  	0.16089  	0.29496  	-0.5829  	-0.2443  	-0.2415  	-0.2662  	-0.1098  	0.17715  	-0.0560  	0.10700  	-0.3107  	0.14954  	0.00859  	0.14269  	-0.1014  	-0.2999  	-0.0882  	0.05780  	0.02211  	0.01224  	0.02728  	-0.0106  	0.04390  	0.03868  	-0.0974  	-0.0564  	-0.0218  	-0.0284  	-0.0380  	0.01107  	0.05846  	0.01443  	0.02017  	-0.0185  	-0.0177  	-0.0264  	0.01876  	0.07482  	-0.0057  	0.01769  	0.04875  	-0.0764  	0.01313  	0.04579  	0.85449  	1.11780  	125.760  	104.299  	
0.10757  	0.06415  	-0.3423  	0.60793  	0.32038  	0.45169  	0.28455  	0.46807  	0.46520  	0.34438  	0.56652  	0.55094  	-0.3292  	-0.4234  	-0.1248  	-0.3239  	0.64666  	0.38608  	0.78977  	0.41403  	0.59398  	0.72375  	0.43386  	0.18243  	0.53862  	0.12836  	0.25587  	-0.5197  	-0.1957  	-0.2272  	-0.2294  	-0.1298  	0.17630  	-0.0601  	0.08401  	-0.2428  	0.12348  	-0.0018  	0.15049  	-0.0912  	-0.2686  	-0.0979  	0.06458  	0.01392  	0.00391  	0.01897  	-0.0011  	0.04617  	0.02812  	-0.1036  	-0.0532  	-0.0278  	-0.0249  	-0.0464  	0.00747  	0.05346  	0.01842  	0.01739  	-0.0198  	-0.0144  	-0.0181  	0.01285  	0.08473  	0.00674  	0.01769  	0.04875  	-0.0764  	0.01313  	0.04579  	0.85449  	1.11780  	125.760  	104.299  	
-0.3107  	-0.0101  	-0.5924  	0.53534  	0.32953  	0.27504  	0.23326  	0.39089  	0.41308  	0.34963  	0.78727  	0.61738  	-0.4313  	-0.5131  	-0.2397  	-0.4128  	0.66209  	0.38110  	0.80116  	0.41208  	0.60589  	0.71532  	0.44737  	0.31421  	0.47117  	0.15534  	0.25409  	-0.5297  	-0.2958  	-0.2827  	-0.2188  	-0.1325  	0.16932  	-0.0790  	0.15189  	-0.2277  	0.13349  	-0.0078  	0.10532  	-0.0988  	-0.3094  	-0.1105  	0.00485  	0.00648  	0.02705  	0.02726  	0.00962  	-0.0074  	0.01712  	-0.0893  	-0.0694  	-0.0282  	-0.0332  	-0.0423  	0.00296  	0.03684  	0.01729  	0.02727  	-0.0181  	-0.0110  	-0.0210  	-0.0014  	0.08477  	-0.0014  	0.01769  	0.04875  	-0.0764  	0.01313  	0.04579  	0.85449  	1.11780  	125.760  	104.299  	
-0.4981  	-0.1157  	-0.7363  	0.40254  	0.29666  	0.17337  	0.20761  	0.34187  	0.38064  	0.36713  	0.82260  	0.68897  	-0.4895  	-0.7655  	-0.4057  	-0.4109  	0.66350  	0.44614  	0.79363  	0.47093  	0.50203  	0.66823  	0.47349  	0.19001  	0.38253  	0.18562  	0.16728  	-0.3808  	-0.1574  	-0.2800  	-0.2400  	-0.1347  	0.16488  	-0.0679  	0.03500  	-0.2067  	0.02254  	-0.0186  	0.14231  	-0.0806  	-0.2731  	-0.0848  	0.01216  	-0.0034  	0.02708  	0.02923  	0.01208  	-0.0090  	0.00387  	-0.0776  	-0.0522  	-0.0251  	-0.0314  	-0.0382  	0.01181  	0.03987  	0.03106  	0.02417  	-0.0141  	-0.0180  	-0.0238  	0.00957  	0.07615  	0.00153  	0.01769  	0.04875  	-0.0764  	0.01313  	0.04579  	0.85449  	1.11780  	125.760  	104.299  	
-0.4545  	-0.1054  	-0.6442  	0.48444  	0.29824  	0.28261  	0.16397  	0.33853  	0.37958  	0.29801  	0.73535  	0.64806  	-0.4860  	-0.7752  	-0.3098  	-0.3846  	0.69823  	0.39870  	0.77640  	0.45152  	0.40453  	0.69023  	0.51760  	0.15580  	0.41361  	0.20241  	0.13361  	-0.3359  	-0.1020  	-0.2686  	-0.2287  	-0.1543  	0.13929  	-0.0715  	-0.0264  	-0.2079  	0.03064  	-0.0173  	0.17079  	-0.1210  	-0.2493  	-0.0924  	0.05427  	0.00347  	0.02308  	0.02193  	0.00884  	0.00491  	0.01500  	-0.0839  	-0.0551  	-0.0225  	-0.0304  	-0.0428  	0.01087  	0.04296  	0.02671  	0.02387  	-0.0078  	-0.0212  	-0.0210  	0.00628  	0.07704  	0.00749  	0.01769  	0.04875  	-0.0764  	0.01313  	0.04579  	0.85449  	1.11780  	125.760  	104.299  	
-0.3598  	-0.0594  	-0.6178  	0.63930  	0.39516  	0.32470  	0.16840  	0.34601  	0.40372  	0.28249  	0.60599  	0.74343  	-0.4616  	-0.7206  	-0.1771  	-0.3776  	0.69104  	0.41044  	0.76947  	0.43434  	0.40111  	0.70575  	0.50072  	0.12521  	0.38994  	0.21098  	0.10554  	-0.2894  	-0.0693  	-0.2513  	-0.2192  	-0.1499  	0.17884  	-0.0529  	-0.0346  	-0.2369  	-0.0076  	-0.0285  	0.17397  	-0.1103  	-0.2384  	-0.0874  	0.05652  	0.01300  	0.02355  	0.02433  	0.00583  	0.00779  	0.01254  	-0.0880  	-0.0600  	-0.0225  	-0.0294  	-0.0452  	0.00743  	0.04039  	0.02986  	0.02548  	-0.0146  	-0.0306  	-0.0223  	0.01172  	0.07778  	0.00561  	0.01769  	0.04875  	-0.0764  	0.01313  	0.04579  	0.85449  	1.11780  	125.760  	104.299  	
-0.0640  	0.06236  	-0.4631  	0.75797  	0.37395  	0.43665  	0.17125  	0.46563  	0.44810  	0.24881  	0.65306  	0.71557  	-0.4349  	-0.5338  	0.02628  	-0.2940  	0.70720  	0.31336  	0.77819  	0.36357  	0.67399  	0.69631  	0.51565  	0.20135  	0.38279  	0.17457  	0.23017  	-0.5568  	-0.3000  	-0.2796  	-0.2464  	-0.1089  	0.18070  	-0.0632  	0.12503  	-0.3454  	0.18411  	0.03753  	0.08938  	-0.1490  	-0.2866  	-0.0873  	0.03752  	0.00278  	0.01473  	0.03282  	0.00517  	0.00708  	0.01415  	-0.0900  	-0.0694  	-0.0231  	-0.0282  	-0.0364  	0.00584  	0.05230  	0.01504  	0.02249  	-0.0123  	-0.0286  	-0.0185  	0.02008  	0.08115  	-0.0036  	0.01769  	0.04875  	-0.0764  	0.01313  	0.04579  	0.85449  	1.11780  	125.760  	104.299  	
0.07283  	0.11690  	-0.3503  	0.71575  	0.27593  	0.52283  	0.16846  	0.54160  	0.49852  	0.20460  	0.76881  	0.70402  	-0.4439  	-0.4892  	-0.0024  	-0.2141  	0.71289  	0.27871  	0.80587  	0.28977  	0.82184  	0.71334  	0.57809  	0.27204  	0.36010  	0.15687  	0.31843  	-0.7205  	-0.4446  	-0.3041  	-0.2478  	-0.0767  	0.19241  	-0.0834  	0.19363  	-0.3743  	0.29568  	0.07306  	0.03859  	-0.1915  	-0.3097  	-0.0962  	0.04163  	0.00144  	0.01090  	0.03013  	0.00300  	0.01061  	0.01815  	-0.0797  	-0.0699  	-0.0223  	-0.0267  	-0.0324  	0.00621  	0.06153  	0.01307  	0.02523  	-0.0142  	-0.0219  	-0.0159  	0.01982  	0.07343  	-0.0039  	0.01769  	0.04875  	-0.0764  	0.01313  	0.04579  	0.85449  	1.11780  	125.760  	104.299  	
0.13097  	0.12901  	-0.3027  	0.71400  	0.24038  	0.58099  	0.17401  	0.59184  	0.52358  	0.16554  	0.79195  	0.73775  	-0.4316  	-0.4514  	0.01207  	-0.1727  	0.71608  	0.25563  	0.82524  	0.25595  	0.88350  	0.73179  	0.63250  	0.32142  	0.35161  	0.14989  	0.36572  	-0.7962  	-0.5087  	-0.2941  	-0.2447  	-0.0650  	0.18666  	-0.0793  	0.21522  	-0.3974  	0.34932  	0.09214  	0.03353  	-0.2079  	-0.3325  	-0.0894  	0.04801  	-5.8785  	0.01094  	0.02834  	-0.0004  	0.02277  	0.02418  	-0.0818  	-0.0734  	-0.0223  	-0.0234  	-0.0295  	0.00306  	0.06399  	0.00770  	0.02769  	-0.0195  	-0.0187  	-0.0165  	0.01778  	0.07913  	-0.0010  	0.01769  	0.04875  	-0.0764  	0.01313  	0.04579  	0.85449  	1.11780  	125.760  	104.299  	
0.09945  	0.12939  	-0.3156  	0.69942  	0.25354  	0.54425  	0.17412  	0.56999  	0.51862  	0.18436  	0.80375  	0.74368  	-0.4405  	-0.4545  	-0.0220  	-0.1893  	0.70876  	0.26560  	0.81251  	0.26275  	0.84117  	0.71240  	0.61871  	0.29532  	0.33674  	0.15867  	0.32967  	-0.7503  	-0.4839  	-0.2991  	-0.2433  	-0.0729  	0.19127  	-0.0801  	0.20674  	-0.3924  	0.32749  	0.08511  	0.03441  	-0.2064  	-0.3165  	-0.0937  	0.05068  	-0.0011  	0.01154  	0.02742  	0.00098  	0.01887  	0.02170  	-0.0791  	-0.0736  	-0.0205  	-0.0237  	-0.0294  	0.00316  	0.06186  	0.00880  	0.02633  	-0.0176  	-0.0203  	-0.0171  	0.02014  	0.07643  	-0.0025  	0.01769  	0.04875  	-0.0764  	0.01313  	0.04579  	0.85449  	1.11780  	125.760  	104.299  	
0.12220  	0.12560  	-0.3048  	0.70762  	0.26734  	0.56604  	0.18151  	0.57816  	0.52461  	0.19463  	0.80602  	0.75880  	-0.4358  	-0.4474  	-0.0282  	-0.1761  	0.71683  	0.25830  	0.81014  	0.26571  	0.83118  	0.71282  	0.62308  	0.29894  	0.33563  	0.15679  	0.33974  	-0.7453  	-0.4822  	-0.2915  	-0.2468  	-0.0697  	0.19434  	-0.0776  	0.20380  	-0.3894  	0.32903  	0.08973  	0.04130  	-0.2058  	-0.3206  	-0.0937  	0.05199  	0.00083  	0.00951  	0.02792  	-0.0006  	0.02259  	0.02414  	-0.0834  	-0.0720  	-0.0190  	-0.0241  	-0.0291  	0.00397  	0.06195  	0.00821  	0.02584  	-0.0171  	-0.0183  	-0.0169  	0.01795  	0.07885  	-0.0009  	0.01769  	0.04875  	-0.0764  	0.01313  	0.04579  	0.85449  	1.11780  	125.760  	104.299  	
0.12557  	0.12642  	-0.3102  	0.71477  	0.27586  	0.56736  	0.17996  	0.57600  	0.52316  	0.19394  	0.80190  	0.75922  	-0.4339  	-0.4460  	-0.0220  	-0.1756  	0.71697  	0.25707  	0.80880  	0.26323  	0.82643  	0.71466  	0.62200  	0.30053  	0.33505  	0.15746  	0.33769  	-0.7464  	-0.4820  	-0.2894  	-0.2462  	-0.0708  	0.19478  	-0.0783  	0.20571  	-0.3892  	0.32608  	0.08842  	0.04179  	-0.2054  	-0.3220  	-0.0929  	0.05138  	3.85940  	0.00899  	0.02829  	-0.0007  	0.02208  	0.02394  	-0.0843  	-0.0723  	-0.0189  	-0.0245  	-0.0299  	0.00410  	0.06146  	0.00840  	0.02590  	-0.0175  	-0.0189  	-0.0173  	0.01807  	0.07876  	-0.0010  	0.01769  	0.04875  	-0.0764  	0.01313  	0.04579  	0.85449  	1.11780  	125.760  	104.299  	
0.12493  	0.12619  	-0.3115  	0.71347  	0.27437  	0.56560  	0.18039  	0.57505  	0.52220  	0.19289  	0.80296  	0.75915  	-0.4356  	-0.4476  	-0.0189  	-0.1773  	0.71834  	0.25727  	0.80843  	0.26414  	0.82793  	0.71367  	0.62341  	0.30179  	0.33650  	0.15738  	0.33905  	-0.7465  	-0.4830  	-0.2895  	-0.2464  	-0.0709  	0.19368  	-0.0785  	0.20676  	-0.3901  	0.32682  	0.08895  	0.04069  	-0.2060  	-0.3232  	-0.0926  	0.05068  	1.82986  	0.00891  	0.02839  	-0.0008  	0.02195  	0.02364  	-0.0841  	-0.0723  	-0.0187  	-0.0245  	-0.0300  	0.00391  	0.06157  	0.00855  	0.02591  	-0.0175  	-0.0192  	-0.0172  	0.01801  	0.07852  	-0.0011  	0.01769  	0.04875  	-0.0764  	0.01313  	0.04579  	0.85449  	1.11780  	125.760  	104.299  	
0.12431  	0.12366  	-0.3132  	0.71686  	0.27784  	0.56896  	0.18065  	0.57586  	0.52156  	0.19421  	0.80098  	0.75915  	-0.4350  	-0.4485  	-0.0170  	-0.1770  	0.71995  	0.25733  	0.80782  	0.26625  	0.82514  	0.71255  	0.62349  	0.30287  	0.33714  	0.15741  	0.33898  	-0.7454  	-0.4820  	-0.2888  	-0.2470  	-0.0707  	0.19308  	-0.0783  	0.20592  	-0.3896  	0.32490  	0.08922  	0.04236  	-0.2062  	-0.3248  	-0.0927  	0.05069  	0.00023  	0.00914  	0.02893  	-0.0010  	0.02179  	0.02373  	-0.0847  	-0.0720  	-0.0185  	-0.0246  	-0.0303  	0.00407  	0.06123  	0.00864  	0.02604  	-0.0177  	-0.0196  	-0.0174  	0.01803  	0.07876  	-0.0008  	0.01769  	0.04875  	-0.0764  	0.01313  	0.04579  	0.85449  	1.11780  	125.760  	104.299  	
0.12431  	0.12366  	-0.3132  	0.71686  	0.27784  	0.56896  	0.18065  	0.57586  	0.52156  	0.19421  	0.80098  	0.75915  	-0.4350  	-0.4485  	-0.0170  	-0.1770  	0.71995  	0.25733  	0.80782  	0.26625  	0.82514  	0.71255  	0.62349  	0.30287  	0.33714  	0.15741  	0.33898  	-0.7454  	-0.4820  	-0.2888  	-0.2470  	-0.0707  	0.19308  	-0.0783  	0.20592  	-0.3896  	0.32490  	0.08922  	0.04236  	-0.2062  	-0.3248  	-0.0927  	0.05069  	0.00023  	0.00914  	0.02893  	-0.0010  	0.02179  	0.02373  	-0.0847  	-0.0720  	-0.0185  	-0.0246  	-0.0303  	0.00407  	0.06123  	0.00864  	0.02604  	-0.0177  	-0.0196  	-0.0174  	0.01803  	0.07876  	-0.0008  	0.01769  	0.04875  	-0.0764  	0.01313  	0.04579  	0.85449  	1.11780  	125.760  	104.299  	
